[header]
width=28
height=28
tilewidth=192
tileheight=96
orientation=isometric
background_color=0,0,0,255
hero_pos=13,16
procgen_type=end
tileset=tilesetdefs/tileset_ruins.txt

[tilesets]
tileset=../../../../../../mods/hd-flare-game/tiled/tilesheets/tiled_collision.png,192,96,0,0
tileset=../../../../../../mods/hd-flare-game/tiled/tilesheets/tiled_set_rules.png,192,96,0,0
tileset=../../../../../../mods/hd-flare-game/tiled/tilesheets/ruins.png,192,384,0,0
tileset=../../../../../../mods/hd-flare-game/tiled/tilesheets/ruins_door_left.png,192,384,-48,-24
tileset=../../../../../../mods/hd-flare-game/tiled/tilesheets/ruins_door_right.png,192,384,48,-24
tileset=../../../../../../mods/hd-flare-game/tiled/tilesheets/ruins_2x2.png,384,192,0,48
tileset=../../../../../../mods/hd-flare-game/tiled/tilesheets/boss_chest.png,192,192,0,0

[layer]
type=background
data=
0,0,0,0,0,0,0,0,0,0,0,0,0,0,0,0,0,0,0,0,0,0,0,0,0,0,0,0,
0,0,0,0,0,0,0,0,0,0,0,0,0,0,0,0,0,0,0,0,0,0,0,0,0,0,0,0,
0,0,0,0,0,0,0,0,0,0,0,0,0,0,0,0,0,0,0,0,0,0,0,0,0,0,0,0,
0,0,0,0,0,0,0,0,0,0,0,0,0,0,0,0,0,0,0,0,0,0,0,0,0,0,0,0,
0,0,0,0,24,25,26,27,24,25,26,27,24,25,26,27,24,25,26,27,24,25,26,27,0,0,0,0,
0,0,0,0,28,42,42,39,40,40,38,39,42,38,39,42,41,40,39,43,38,43,40,31,0,0,0,0,
0,0,0,0,24,42,26,27,24,25,26,27,24,25,26,27,24,25,26,27,24,25,41,27,0,0,0,0,
0,0,0,0,28,38,30,31,28,29,30,31,28,29,30,31,28,29,30,31,28,29,43,31,0,0,0,0,
0,0,0,0,24,38,26,27,24,25,26,27,24,25,26,27,24,25,26,27,24,25,38,27,0,0,0,0,
0,0,0,0,28,38,30,31,28,29,30,31,28,29,30,31,28,29,30,31,28,29,40,31,0,0,0,0,
0,0,0,0,24,42,26,27,24,25,26,27,24,25,26,27,24,25,26,27,24,25,43,27,0,0,0,0,
0,0,0,0,28,42,30,31,28,29,30,86,83,65,30,31,28,29,30,31,28,29,43,31,0,0,0,0,
0,0,0,0,24,41,26,27,24,25,26,27,39,82,26,78,24,25,26,27,24,25,42,27,0,0,0,0,
0,0,0,0,28,40,30,31,28,29,30,31,43,32,30,38,28,29,30,31,28,29,39,31,0,0,0,0,
0,0,0,0,24,38,26,27,24,25,26,27,43,45,70,40,24,25,26,27,24,25,43,27,0,0,0,0,
0,0,0,0,28,38,30,31,28,29,30,31,0,0,353,70,28,29,30,31,28,29,39,31,0,0,0,0,
0,0,0,0,24,40,26,27,24,25,26,27,0,0,352,39,24,25,26,27,24,25,43,27,0,0,0,0,
0,0,0,0,28,38,30,31,28,29,30,31,349,350,351,70,28,29,30,31,28,29,39,31,0,0,0,0,
0,0,0,0,24,38,26,27,24,25,26,27,73,38,70,79,24,25,26,27,24,25,41,27,0,0,0,0,
0,0,0,0,28,41,30,31,28,29,30,31,28,29,30,31,28,29,30,31,28,29,43,31,0,0,0,0,
0,0,0,0,24,43,26,27,24,25,26,27,24,25,26,27,24,25,26,27,24,25,41,27,0,0,0,0,
0,0,0,0,28,39,30,31,28,29,30,31,28,29,30,31,28,29,30,31,28,29,41,31,0,0,0,0,
0,0,0,0,24,39,42,39,38,38,39,43,39,41,41,41,39,39,40,41,43,41,39,27,0,0,0,0,
0,0,0,0,28,29,30,31,28,29,30,31,28,29,30,31,28,29,30,31,28,29,30,31,0,0,0,0,
0,0,0,0,0,0,0,0,0,0,0,0,0,0,0,0,0,0,0,0,0,0,0,0,0,0,0,0,
0,0,0,0,0,0,0,0,0,0,0,0,0,0,0,0,0,0,0,0,0,0,0,0,0,0,0,0,
0,0,0,0,0,0,0,0,0,0,0,0,0,0,0,0,0,0,0,0,0,0,0,0,0,0,0,0,
0,0,0,0,0,0,0,0,0,0,0,0,0,0,0,0,0,0,0,0,0,0,0,0,0,0,0,0

[layer]
type=background_fringe
data=
0,0,0,0,0,0,0,0,0,0,0,0,0,0,0,0,0,0,0,0,0,0,0,0,0,0,0,0,
0,0,0,0,0,0,0,0,0,0,0,0,0,0,0,0,0,0,0,0,0,0,0,0,0,0,0,0,
0,0,0,0,0,0,0,0,0,0,0,0,0,0,0,0,0,0,0,0,0,0,0,0,0,0,0,0,
0,0,0,0,0,0,0,0,0,0,0,0,0,0,0,0,0,0,0,0,0,0,0,0,0,0,0,0,
0,0,0,0,0,0,0,0,0,0,0,0,0,0,0,0,0,0,0,0,0,0,0,0,0,0,0,0,
0,0,0,0,0,0,0,0,0,0,0,0,0,0,0,0,0,0,0,0,0,0,0,0,0,0,0,0,
0,0,0,0,0,0,0,0,0,0,0,0,0,0,0,0,0,0,0,0,0,0,0,0,0,0,0,0,
0,0,0,0,0,0,0,0,0,0,0,0,0,0,0,0,0,0,0,0,0,0,0,0,0,0,0,0,
0,0,0,0,0,0,0,0,0,0,0,0,0,0,0,0,0,0,0,0,0,0,0,0,0,0,0,0,
0,0,0,0,0,0,0,0,0,0,0,0,0,0,0,0,0,0,0,0,0,0,0,0,0,0,0,0,
0,0,0,0,0,0,0,0,0,0,0,0,0,0,0,0,0,0,0,0,0,0,0,0,0,0,0,0,
0,0,0,0,0,0,0,0,0,0,0,0,0,0,0,0,0,0,0,0,0,0,0,0,0,0,0,0,
0,0,0,0,0,0,0,0,0,0,0,0,0,0,0,0,0,0,0,0,0,0,0,0,0,0,0,0,
0,0,0,0,0,0,0,0,0,0,0,0,0,0,0,0,0,0,0,0,0,0,0,0,0,0,0,0,
0,0,0,0,0,0,0,0,0,0,0,0,0,0,0,0,0,0,0,0,0,0,0,0,0,0,0,0,
0,0,0,0,0,0,0,0,0,0,0,0,0,0,0,0,0,0,0,0,0,0,0,0,0,0,0,0,
0,0,0,0,0,0,0,0,0,0,0,0,0,0,0,0,0,0,0,0,0,0,0,0,0,0,0,0,
0,0,0,0,0,0,0,0,0,0,0,0,0,0,0,0,0,0,0,0,0,0,0,0,0,0,0,0,
0,0,0,0,0,0,0,0,0,0,0,0,0,0,0,0,0,0,0,0,0,0,0,0,0,0,0,0,
0,0,0,0,0,0,0,0,0,0,0,0,0,0,0,0,0,0,0,0,0,0,0,0,0,0,0,0,
0,0,0,0,0,0,0,0,0,0,0,0,0,0,0,0,0,0,0,0,0,0,0,0,0,0,0,0,
0,0,0,0,0,0,0,0,0,0,0,0,0,0,0,0,0,0,0,0,0,0,0,0,0,0,0,0,
0,0,0,0,0,0,0,0,0,0,0,0,0,0,0,0,0,0,0,0,0,0,0,0,0,0,0,0,
0,0,0,0,0,0,0,0,0,0,0,0,0,0,0,0,0,0,0,0,0,0,0,0,0,0,0,0,
0,0,0,0,0,0,0,0,0,0,0,0,0,0,0,0,0,0,0,0,0,0,0,0,0,0,0,0,
0,0,0,0,0,0,0,0,0,0,0,0,0,0,0,0,0,0,0,0,0,0,0,0,0,0,0,0,
0,0,0,0,0,0,0,0,0,0,0,0,0,0,0,0,0,0,0,0,0,0,0,0,0,0,0,0,
0,0,0,0,0,0,0,0,0,0,0,0,0,0,0,0,0,0,0,0,0,0,0,0,0,0,0,0

[layer]
type=object
data=
153,154,155,156,153,154,155,156,153,154,155,156,153,154,155,156,153,154,155,156,153,154,155,156,153,154,155,156,
157,158,159,160,157,158,159,160,157,158,159,160,157,158,159,160,157,158,159,160,157,158,159,160,157,158,159,160,
153,154,165,166,162,165,166,162,161,163,163,166,163,166,165,162,165,165,162,164,162,162,163,166,165,164,155,156,
157,158,165,160,157,158,159,160,157,158,159,160,157,158,159,160,157,158,159,160,157,158,159,160,157,161,159,160,
153,154,165,156,148,236,214,239,171,175,177,196,141,137,236,175,200,175,214,216,137,214,177,149,153,163,155,156,
157,158,164,160,213,0,0,0,0,0,0,0,0,0,0,0,0,0,0,0,0,0,0,138,157,163,159,160,
153,154,162,156,235,0,0,0,0,0,0,0,0,0,0,0,0,0,0,0,0,0,0,138,153,166,155,156,
157,158,162,160,199,0,0,0,146,139,139,184,0,0,0,0,146,139,139,147,0,0,0,138,157,165,159,160,
153,154,162,156,178,0,0,0,183,214,239,144,0,0,0,0,220,249,236,182,0,0,0,138,153,161,155,156,
157,158,164,160,213,0,0,0,0,0,0,0,0,0,0,0,0,0,0,0,0,0,0,138,157,163,159,160,
153,154,161,156,252,0,0,0,0,0,0,0,0,0,0,0,0,0,0,0,0,0,0,138,153,164,155,156,
157,158,164,160,215,0,0,0,0,0,0,0,0,0,0,0,0,0,0,0,0,0,0,138,157,162,159,160,
153,154,165,156,199,0,0,0,0,0,146,204,0,0,0,0,203,222,0,0,0,0,0,138,153,164,155,156,
157,158,164,160,170,0,0,0,0,242,138,178,364,0,0,362,138,140,244,0,0,0,0,138,157,164,159,160,
153,154,162,156,168,0,0,0,0,0,138,248,0,0,0,190,138,136,0,0,0,0,0,138,153,166,155,156,
157,158,162,160,240,0,0,0,0,242,138,199,0,0,0,189,138,195,244,0,0,0,0,138,157,161,159,160,
153,154,161,156,178,0,0,0,0,0,138,168,0,0,0,0,138,174,0,0,0,0,0,138,153,166,155,156,
157,158,164,160,176,0,0,0,0,242,138,170,0,0,0,0,138,215,246,0,0,0,0,138,157,163,159,160,
153,154,163,156,170,0,0,0,0,0,138,215,0,0,0,0,138,248,0,0,0,0,0,138,153,164,155,156,
157,158,162,160,140,0,0,0,0,242,138,151,139,139,139,139,150,178,244,0,0,0,0,138,157,162,159,160,
153,154,166,156,215,0,226,0,0,0,220,171,236,196,175,177,214,219,0,0,0,230,0,138,153,166,155,156,
157,158,166,160,170,0,0,0,0,0,0,0,0,0,0,0,0,0,0,0,0,0,0,138,157,164,159,160,
153,154,166,156,235,0,0,0,0,0,0,0,0,0,0,0,0,0,0,0,0,0,0,138,153,164,155,156,
157,158,161,160,151,139,139,139,139,139,139,139,139,139,139,139,139,139,139,139,139,139,139,150,157,164,159,160,
153,154,162,156,153,154,155,156,153,154,155,156,153,154,155,156,153,154,155,156,153,154,155,156,153,164,155,156,
157,158,162,164,166,162,166,166,161,161,161,166,164,162,162,164,164,164,165,162,162,163,166,161,165,166,159,160,
153,154,155,156,153,154,155,156,153,154,155,156,153,154,155,156,153,154,155,156,153,154,155,156,153,154,155,156,
157,158,159,160,157,158,159,160,157,158,159,160,157,158,159,160,157,158,159,160,157,158,159,160,157,158,159,160

[layer]
type=collision
data=
3,3,3,3,3,3,3,3,3,3,3,3,3,3,3,3,3,3,3,3,3,3,3,3,3,3,3,3,
3,3,3,3,3,3,3,3,3,3,3,3,3,3,3,3,3,3,3,3,3,3,3,3,3,3,3,3,
3,3,3,3,3,3,3,3,3,3,3,3,3,3,3,3,3,3,3,3,3,3,3,3,3,3,3,3,
3,3,3,3,3,3,3,3,3,3,3,3,3,3,3,3,3,3,3,3,3,3,3,3,3,3,3,3,
3,3,3,3,1,1,1,1,1,1,1,1,1,1,1,1,1,1,1,1,1,1,1,1,3,3,3,3,
3,3,3,3,1,0,0,0,0,0,0,0,0,0,0,0,0,0,0,0,0,0,0,1,3,3,3,3,
3,3,3,3,1,0,0,0,0,0,0,0,0,0,0,0,0,0,0,0,0,0,0,1,3,3,3,3,
3,3,3,3,1,0,0,0,1,1,1,1,0,0,0,0,1,1,1,1,0,0,0,1,3,3,3,3,
3,3,3,3,1,0,0,0,1,1,1,1,0,0,0,0,1,1,1,1,0,0,0,1,3,3,3,3,
3,3,3,3,1,0,0,0,0,0,0,0,0,0,0,0,0,0,0,0,0,0,0,1,3,3,3,3,
3,3,3,3,1,0,0,0,0,0,0,0,0,0,0,0,0,0,0,0,0,0,0,1,3,3,3,3,
3,3,3,3,1,0,0,0,0,0,0,0,0,0,0,0,0,0,0,0,0,0,0,1,3,3,3,3,
3,3,3,3,1,0,0,0,0,0,1,1,1,0,0,1,1,1,0,0,0,0,0,1,3,3,3,3,
3,3,3,3,1,0,0,0,0,1,1,1,1,0,0,1,1,1,1,0,0,0,0,1,3,3,3,3,
3,3,3,3,1,0,0,0,0,0,1,1,0,0,0,2,1,1,0,0,0,0,0,1,3,3,3,3,
3,3,3,3,1,0,0,0,0,1,1,1,1,0,1,2,1,1,1,0,0,0,0,1,3,3,3,3,
3,3,3,3,1,0,0,0,0,0,1,1,1,1,1,0,1,1,0,0,0,0,0,1,3,3,3,3,
3,3,3,3,1,0,0,0,0,1,1,1,1,1,1,0,1,1,2,0,0,0,0,1,3,3,3,3,
3,3,3,3,1,0,0,0,0,0,1,1,0,0,0,0,1,1,0,0,0,0,0,1,3,3,3,3,
3,3,3,3,1,0,0,0,0,1,1,1,1,1,1,1,1,1,1,0,0,0,0,1,3,3,3,3,
3,3,3,3,1,0,1,0,0,0,1,1,1,1,1,1,1,1,0,0,0,1,0,1,3,3,3,3,
3,3,3,3,1,0,0,0,0,0,0,0,0,0,0,0,0,0,0,0,0,0,0,1,3,3,3,3,
3,3,3,3,1,0,0,0,0,0,0,0,0,0,0,0,0,0,0,0,0,0,0,1,3,3,3,3,
3,3,3,3,1,1,1,1,1,1,1,1,1,1,1,1,1,1,1,1,1,1,1,1,3,3,3,3,
3,3,3,3,3,3,3,3,3,3,3,3,3,3,3,3,3,3,3,3,3,3,3,3,3,3,3,3,
3,3,3,3,3,3,3,3,3,3,3,3,3,3,3,3,3,3,3,3,3,3,3,3,3,3,3,3,
3,3,3,3,3,3,3,3,3,3,3,3,3,3,3,3,3,3,3,3,3,3,3,3,3,3,3,3,
3,3,3,3,3,3,3,3,3,3,3,3,3,3,3,3,3,3,3,3,3,3,3,3,3,3,3,3

[event]
# Stairs Down
type=event
location=12,15,3,3
activate=on_trigger
hotspot=location
intermap=maps/iron_labyrinth_chasm.txt
soundfx=soundfx/environment/stairs.ogg,0,0
tooltip=Iron Labyrinth: Chasm
unset_status=emp_il_f3

[event]
# Spawn point: Stairs down
type=event
location=13,13,1,1
intermap_id=stairs_down

[enemy]
type=enemy
location=6,12,3,9
category=il_common
number=1,2
spawn_level=hero_level,1.1

[enemy]
type=enemy
location=19,12,3,9
category=il_common
number=1,2
spawn_level=hero_level,1.1

