[header]
width=28
height=28
tilewidth=192
tileheight=96
orientation=isometric
background_color=0,0,0,255
hero_pos=14,13
procgen_type=end
tileset=tilesetdefs/tileset_ruins.txt

[tilesets]
tileset=../../../../../../mods/hd-flare-game/tiled/tilesheets/tiled_collision.png,192,96,0,0
tileset=../../../../../../mods/hd-flare-game/tiled/tilesheets/tiled_set_rules.png,192,96,0,0
tileset=../../../../../../mods/hd-flare-game/tiled/tilesheets/ruins.png,192,384,0,0
tileset=../../../../../../mods/hd-flare-game/tiled/tilesheets/ruins_door_left.png,192,384,-48,-24
tileset=../../../../../../mods/hd-flare-game/tiled/tilesheets/ruins_door_right.png,192,384,48,-24
tileset=../../../../../../mods/hd-flare-game/tiled/tilesheets/ruins_2x2.png,384,192,0,48
tileset=../../../../../../mods/hd-flare-game/tiled/tilesheets/boss_chest.png,192,192,0,0

[layer]
type=background
data=
0,0,0,0,0,0,0,0,0,0,0,0,0,0,0,0,0,0,0,0,0,0,0,0,0,0,0,0,
0,0,0,0,0,0,0,0,0,0,0,0,0,0,0,0,0,0,0,0,0,0,0,0,0,0,0,0,
0,0,0,0,0,0,0,0,0,0,0,0,0,0,0,0,0,0,0,0,0,0,0,0,0,0,0,0,
0,0,0,0,0,0,0,0,0,0,0,0,0,0,0,0,0,0,0,0,0,0,0,0,0,0,0,0,
0,0,0,0,24,25,26,27,24,25,26,27,24,25,26,27,24,25,26,27,24,25,26,27,0,0,0,0,
0,0,0,0,28,42,42,39,40,40,38,39,42,38,39,42,41,40,39,43,38,43,40,31,0,0,0,0,
0,0,0,0,24,42,26,27,24,25,26,27,24,25,26,27,24,25,26,27,24,25,41,27,0,0,0,0,
0,0,0,0,28,38,30,31,28,29,30,31,28,83,30,31,67,29,30,31,28,29,43,31,0,0,0,0,
0,0,0,0,24,38,26,97,89,89,96,27,24,39,26,73,24,25,97,89,89,96,38,27,0,0,0,0,
0,0,0,0,28,38,30,92,104,105,90,31,28,29,85,31,28,29,92,104,105,90,40,31,0,0,0,0,
0,0,0,0,24,42,26,92,108,109,90,27,24,46,26,40,24,25,92,108,109,90,43,27,0,0,0,0,
0,0,0,0,28,42,30,98,91,91,99,31,28,65,30,31,28,29,98,91,91,99,43,31,0,0,0,0,
0,0,0,0,24,41,26,27,24,25,26,27,24,25,26,27,24,25,26,27,24,25,42,27,0,0,0,0,
0,0,0,0,28,40,30,31,47,29,44,31,28,0,0,353,28,29,44,31,38,29,39,31,0,0,0,0,
0,0,0,0,24,38,26,27,40,25,39,27,24,0,0,352,24,25,40,27,44,25,43,27,0,0,0,0,
0,0,0,0,28,38,30,31,28,29,30,31,28,349,350,351,28,29,30,31,28,29,39,31,0,0,0,0,
0,0,0,0,24,40,26,97,89,89,96,27,24,25,26,27,24,25,97,89,89,96,43,27,0,0,0,0,
0,0,0,0,28,38,30,92,104,105,90,31,28,29,30,31,28,29,92,104,105,90,39,31,0,0,0,0,
0,0,0,0,24,38,26,92,108,109,90,27,24,40,26,41,24,25,92,108,109,90,41,27,0,0,0,0,
0,0,0,0,28,41,30,98,91,91,99,31,28,29,30,31,28,29,98,91,91,99,43,31,0,0,0,0,
0,0,0,0,24,43,26,27,24,25,26,27,24,38,26,39,24,25,26,27,24,25,41,27,0,0,0,0,
0,0,0,0,28,39,30,31,28,29,30,31,28,29,30,31,28,29,30,31,28,29,41,31,0,0,0,0,
0,0,0,0,24,39,42,39,38,38,39,43,39,41,41,41,39,39,40,41,43,41,39,27,0,0,0,0,
0,0,0,0,28,29,30,31,28,29,30,31,28,29,30,31,28,29,30,31,28,29,30,31,0,0,0,0,
0,0,0,0,0,0,0,0,0,0,0,0,0,0,0,0,0,0,0,0,0,0,0,0,0,0,0,0,
0,0,0,0,0,0,0,0,0,0,0,0,0,0,0,0,0,0,0,0,0,0,0,0,0,0,0,0,
0,0,0,0,0,0,0,0,0,0,0,0,0,0,0,0,0,0,0,0,0,0,0,0,0,0,0,0,
0,0,0,0,0,0,0,0,0,0,0,0,0,0,0,0,0,0,0,0,0,0,0,0,0,0,0,0

[layer]
type=background_fringe
data=
0,0,0,0,0,0,0,0,0,0,0,0,0,0,0,0,0,0,0,0,0,0,0,0,0,0,0,0,
0,0,0,0,0,0,0,0,0,0,0,0,0,0,0,0,0,0,0,0,0,0,0,0,0,0,0,0,
0,0,0,0,0,0,0,0,0,0,0,0,0,0,0,0,0,0,0,0,0,0,0,0,0,0,0,0,
0,0,0,0,0,0,0,0,0,0,0,0,0,0,0,0,0,0,0,0,0,0,0,0,0,0,0,0,
0,0,0,0,0,0,0,0,0,0,0,0,0,0,0,0,0,0,0,0,0,0,0,0,0,0,0,0,
0,0,0,0,0,0,0,0,0,0,0,0,0,0,0,0,0,0,0,0,0,0,0,0,0,0,0,0,
0,0,0,0,0,0,0,0,0,0,0,0,0,0,0,0,0,0,0,0,0,0,0,0,0,0,0,0,
0,0,0,0,0,0,0,0,0,0,0,0,0,0,0,0,0,0,0,0,0,0,0,0,0,0,0,0,
0,0,0,0,0,0,0,0,0,0,0,0,0,0,0,0,0,0,0,0,0,0,0,0,0,0,0,0,
0,0,0,0,0,0,0,0,0,0,0,0,0,0,0,0,0,0,0,0,0,0,0,0,0,0,0,0,
0,0,0,0,0,0,0,0,0,0,0,0,0,0,0,0,0,0,0,0,0,0,0,0,0,0,0,0,
0,0,0,0,0,0,0,0,0,0,0,0,0,0,0,0,0,0,0,0,0,0,0,0,0,0,0,0,
0,0,0,0,0,0,0,0,0,0,0,0,58,51,51,51,59,0,0,0,0,0,0,0,0,0,0,0,
0,0,0,0,0,0,0,0,0,0,0,0,50,0,0,0,48,0,0,0,0,0,0,0,0,0,0,0,
0,0,0,0,0,0,0,0,0,0,0,0,50,0,0,0,48,0,0,0,0,0,0,0,0,0,0,0,
0,0,0,0,0,0,0,0,0,0,0,0,50,0,0,0,48,0,0,0,0,0,0,0,0,0,0,0,
0,0,0,0,0,0,0,0,0,0,0,0,57,49,49,49,56,0,0,0,0,0,0,0,0,0,0,0,
0,0,0,0,0,0,0,0,0,0,0,0,0,0,0,0,0,0,0,0,0,0,0,0,0,0,0,0,
0,0,0,0,0,0,0,0,0,0,0,0,0,0,0,0,0,0,0,0,0,0,0,0,0,0,0,0,
0,0,0,0,0,0,0,0,0,0,0,0,0,0,0,0,0,0,0,0,0,0,0,0,0,0,0,0,
0,0,0,0,0,0,0,0,0,0,0,0,0,0,0,0,0,0,0,0,0,0,0,0,0,0,0,0,
0,0,0,0,0,0,0,0,0,0,0,0,0,0,0,0,0,0,0,0,0,0,0,0,0,0,0,0,
0,0,0,0,0,0,0,0,0,0,0,0,0,0,0,0,0,0,0,0,0,0,0,0,0,0,0,0,
0,0,0,0,0,0,0,0,0,0,0,0,0,0,0,0,0,0,0,0,0,0,0,0,0,0,0,0,
0,0,0,0,0,0,0,0,0,0,0,0,0,0,0,0,0,0,0,0,0,0,0,0,0,0,0,0,
0,0,0,0,0,0,0,0,0,0,0,0,0,0,0,0,0,0,0,0,0,0,0,0,0,0,0,0,
0,0,0,0,0,0,0,0,0,0,0,0,0,0,0,0,0,0,0,0,0,0,0,0,0,0,0,0,
0,0,0,0,0,0,0,0,0,0,0,0,0,0,0,0,0,0,0,0,0,0,0,0,0,0,0,0

[layer]
type=object
data=
153,154,155,156,153,154,155,156,153,154,155,156,153,154,155,156,153,154,155,156,153,154,155,156,153,154,155,156,
157,158,159,160,157,158,159,160,157,158,159,160,157,158,159,160,157,158,159,160,157,158,159,160,157,158,159,160,
153,154,165,166,162,165,166,162,161,163,163,166,163,166,165,162,165,165,162,164,162,162,163,166,165,164,155,156,
157,158,165,160,157,158,159,160,157,158,159,160,157,158,159,160,157,158,159,160,157,158,159,160,157,161,159,160,
153,154,165,156,148,236,171,237,137,171,196,177,214,216,169,250,171,237,141,177,236,214,169,149,153,163,155,156,
157,158,164,160,215,0,0,0,0,0,0,0,0,0,0,0,0,0,0,0,0,0,0,138,157,163,159,160,
153,154,162,156,136,0,0,0,0,0,0,0,0,0,0,0,0,0,0,0,0,0,0,138,153,166,155,156,
157,158,162,160,170,0,0,0,0,0,0,0,0,0,0,0,0,0,0,0,0,0,0,138,157,165,159,160,
153,154,162,156,215,0,0,0,0,0,0,0,244,0,0,0,242,0,0,0,313,0,0,138,153,161,155,156,
157,158,164,160,136,0,0,0,146,147,188,0,0,0,0,0,0,0,0,146,147,0,0,138,157,163,159,160,
153,154,161,156,235,0,0,0,145,144,313,0,244,0,0,0,246,0,194,145,144,0,0,138,153,164,155,156,
157,158,164,160,136,0,0,0,316,193,0,0,0,0,0,0,0,0,314,0,0,0,0,138,157,162,159,160,
153,154,165,156,140,0,0,0,0,0,0,0,234,0,0,0,227,0,0,0,0,0,0,138,153,164,155,156,
157,158,164,160,215,0,0,0,0,0,0,0,0,0,0,0,0,0,0,0,0,0,0,138,157,164,159,160,
153,154,162,156,238,0,0,0,0,0,0,0,0,0,0,0,0,0,0,0,0,0,0,138,153,166,155,156,
157,158,162,160,213,0,0,0,0,0,0,0,0,0,0,0,0,0,0,0,0,0,0,138,157,161,159,160,
153,154,161,156,215,0,0,0,0,0,317,0,230,0,0,0,187,0,0,0,191,0,0,138,153,166,155,156,
157,158,164,160,199,0,0,0,146,147,189,0,0,0,0,0,0,0,0,146,147,0,0,138,157,163,159,160,
153,154,163,156,170,0,0,0,145,144,0,0,244,0,0,0,242,0,312,145,144,0,0,138,153,164,155,156,
157,158,162,160,248,0,0,0,0,193,0,0,0,0,0,0,0,0,193,0,0,0,0,138,157,162,159,160,
153,154,166,156,178,0,0,0,0,0,0,0,244,0,0,0,242,0,0,0,0,0,0,138,153,166,155,156,
157,158,166,160,235,0,0,0,0,0,0,0,0,0,0,0,0,0,0,0,0,0,0,138,157,164,159,160,
153,154,166,156,199,0,0,0,0,0,0,0,0,0,0,0,0,0,0,0,0,0,0,138,153,164,155,156,
157,158,161,160,151,139,139,139,139,139,139,139,139,139,139,139,139,139,139,139,139,139,139,150,157,164,159,160,
153,154,162,156,153,154,155,156,153,154,155,156,153,154,155,156,153,154,155,156,153,154,155,156,153,164,155,156,
157,158,162,164,166,162,166,166,161,161,161,166,164,162,162,164,164,164,165,162,162,163,166,161,165,166,159,160,
153,154,155,156,153,154,155,156,153,154,155,156,153,154,155,156,153,154,155,156,153,154,155,156,153,154,155,156,
157,158,159,160,157,158,159,160,157,158,159,160,157,158,159,160,157,158,159,160,157,158,159,160,157,158,159,160

[layer]
type=collision
data=
3,3,3,3,3,3,3,3,3,3,3,3,3,3,3,3,3,3,3,3,3,3,3,3,3,3,3,3,
3,3,3,3,3,3,3,3,3,3,3,3,3,3,3,3,3,3,3,3,3,3,3,3,3,3,3,3,
3,3,3,3,3,3,3,3,3,3,3,3,3,3,3,3,3,3,3,3,3,3,3,3,3,3,3,3,
3,3,3,3,3,3,3,3,3,3,3,3,3,3,3,3,3,3,3,3,3,3,3,3,3,3,3,3,
3,3,3,3,1,1,1,1,1,1,1,1,1,1,1,1,1,1,1,1,1,1,1,1,3,3,3,3,
3,3,3,3,1,0,0,0,0,0,0,0,0,0,0,0,0,0,0,0,0,0,0,1,3,3,3,3,
3,3,3,3,1,0,0,0,0,0,0,0,0,0,0,0,0,0,0,0,0,0,0,1,3,3,3,3,
3,3,3,3,1,0,0,0,0,0,0,0,0,0,0,0,0,0,0,0,0,0,0,1,3,3,3,3,
3,3,3,3,1,0,0,0,0,0,0,0,1,0,0,0,1,0,0,0,2,0,0,1,3,3,3,3,
3,3,3,3,1,0,0,0,1,1,2,0,0,0,0,0,0,0,0,1,1,0,0,1,3,3,3,3,
3,3,3,3,1,0,0,0,1,1,2,0,1,0,0,0,2,0,2,1,1,0,0,1,3,3,3,3,
3,3,3,3,1,0,0,0,2,2,0,0,0,0,0,0,0,0,2,0,0,0,0,1,3,3,3,3,
3,3,3,3,1,0,0,0,0,0,0,0,1,0,0,0,1,0,0,0,0,0,0,1,3,3,3,3,
3,3,3,3,1,0,0,0,0,0,0,0,0,1,0,1,0,0,0,0,0,0,0,1,3,3,3,3,
3,3,3,3,1,0,0,0,0,0,0,0,0,1,1,1,0,0,0,0,0,0,0,1,3,3,3,3,
3,3,3,3,1,0,0,0,0,0,0,0,0,1,1,1,0,0,0,0,0,0,0,1,3,3,3,3,
3,3,3,3,1,0,0,0,0,0,2,0,1,0,0,0,2,0,0,0,2,0,0,1,3,3,3,3,
3,3,3,3,1,0,0,0,1,1,2,0,0,0,0,0,0,0,0,1,1,0,0,1,3,3,3,3,
3,3,3,3,1,0,0,0,1,1,0,0,1,0,0,0,1,0,2,1,1,0,0,1,3,3,3,3,
3,3,3,3,1,0,0,0,0,2,0,0,0,0,0,0,0,0,2,0,0,0,0,1,3,3,3,3,
3,3,3,3,1,0,0,0,0,0,0,0,1,0,0,0,1,0,0,0,0,0,0,1,3,3,3,3,
3,3,3,3,1,0,0,0,0,0,0,0,0,0,0,0,0,0,0,0,0,0,0,1,3,3,3,3,
3,3,3,3,1,0,0,0,0,0,0,0,0,0,0,0,0,0,0,0,0,0,0,1,3,3,3,3,
3,3,3,3,1,1,1,1,1,1,1,1,1,1,1,1,1,1,1,1,1,1,1,1,3,3,3,3,
3,3,3,3,3,3,3,3,3,3,3,3,3,3,3,3,3,3,3,3,3,3,3,3,3,3,3,3,
3,3,3,3,3,3,3,3,3,3,3,3,3,3,3,3,3,3,3,3,3,3,3,3,3,3,3,3,
3,3,3,3,3,3,3,3,3,3,3,3,3,3,3,3,3,3,3,3,3,3,3,3,3,3,3,3,
3,3,3,3,3,3,3,3,3,3,3,3,3,3,3,3,3,3,3,3,3,3,3,3,3,3,3,3

[event]
# Stairs Down
type=event
location=13,13,3,3
activate=on_trigger
hotspot=location
intermap=maps/iron_labyrinth_f2.txt
set_status=emp_il_f2
soundfx=soundfx/environment/stairs.ogg,0,0
tooltip=Iron Labyrinth: Level 2
unset_status=emp_il_f1

[event]
# Spawn point: Stairs down
type=event
location=14,11,1,1
intermap_id=stairs_down

[enemy]
type=enemy
location=6,6,4,4
category=il_common
number=1
spawn_level=hero_level,1.1

[enemy]
type=enemy
location=6,18,4,4
category=il_common
number=1
spawn_level=hero_level,1.1

[enemy]
type=enemy
location=18,18,4,4
category=il_common
number=1
spawn_level=hero_level,1.1

[enemy]
type=enemy
location=18,6,4,4
category=il_common
number=1
spawn_level=hero_level,1.1

