[header]
width=28
height=28
tilewidth=192
tileheight=96
orientation=isometric
background_color=0,0,0,255
hero_pos=8,8
procgen_type=key
tileset=tilesetdefs/tileset_ruins.txt

[tilesets]
tileset=../../../../../mods/hd-flare-game/tiled/tilesheets/tiled_collision.png,192,96,0,0
tileset=../../../../../mods/hd-flare-game/tiled/tilesheets/tiled_set_rules.png,192,96,0,0
tileset=../../../../../mods/hd-flare-game/tiled/tilesheets/ruins.png,192,384,0,0
tileset=../../../../../mods/hd-flare-game/tiled/tilesheets/ruins_door_left.png,192,384,-48,-24
tileset=../../../../../mods/hd-flare-game/tiled/tilesheets/ruins_door_right.png,192,384,48,-24
tileset=../../../../../mods/hd-flare-game/tiled/tilesheets/ruins_2x2.png,384,192,0,48
tileset=../../../../../mods/hd-flare-game/tiled/tilesheets/boss_chest.png,192,192,0,0

[layer]
type=background
data=
0,0,0,0,0,0,0,0,0,0,0,0,0,0,0,0,0,0,0,0,0,0,0,0,0,0,0,0,
0,0,0,0,0,0,0,0,0,0,0,0,0,0,0,0,0,0,0,0,0,0,0,0,0,0,0,0,
0,0,0,0,0,0,0,0,0,0,0,0,0,0,0,0,0,0,0,0,0,0,0,0,0,0,0,0,
0,0,0,0,0,0,0,0,0,0,0,0,0,0,0,0,0,0,0,0,0,0,0,0,0,0,0,0,
0,0,0,0,24,25,26,27,24,25,26,27,24,25,26,27,24,25,26,27,24,25,26,27,0,0,0,0,
0,0,0,0,28,42,42,39,40,40,38,39,42,38,39,42,41,40,39,43,38,43,40,31,0,0,0,0,
0,0,0,0,24,42,26,27,24,25,26,27,24,25,26,27,24,25,26,27,24,25,41,27,0,0,0,0,
0,0,0,0,28,38,30,40,39,42,30,31,28,29,30,31,28,29,38,38,39,29,43,31,0,0,0,0,
0,0,0,0,24,38,26,38,120,38,26,27,24,25,26,27,24,25,42,120,39,25,38,27,0,0,0,0,
0,0,0,0,28,38,30,38,41,40,30,31,28,29,30,31,28,29,43,39,43,29,40,31,0,0,0,0,
0,0,0,0,24,42,26,27,24,25,39,40,78,42,38,43,39,43,26,27,24,25,43,27,0,0,0,0,
0,0,0,0,28,42,30,31,28,29,38,31,28,64,30,65,28,42,30,31,28,29,43,31,0,0,0,0,
0,0,0,0,24,41,26,27,24,25,41,67,24,25,26,27,24,40,26,27,24,25,42,27,0,0,0,0,
0,0,0,0,28,40,30,31,28,29,39,31,28,42,70,31,85,43,30,31,28,29,39,31,0,0,0,0,
0,0,0,0,24,38,26,27,24,25,40,27,24,39,82,27,24,79,26,27,24,25,43,27,0,0,0,0,
0,0,0,0,28,38,30,31,28,29,43,84,28,29,30,31,28,40,30,31,28,29,39,31,0,0,0,0,
0,0,0,0,24,40,26,27,24,25,38,27,24,25,65,27,24,39,26,27,24,25,43,27,0,0,0,0,
0,0,0,0,28,38,30,31,28,29,40,39,42,38,38,39,38,42,30,31,28,29,39,31,0,0,0,0,
0,0,0,0,24,38,26,42,42,42,26,27,24,25,26,27,24,25,41,38,39,25,41,27,0,0,0,0,
0,0,0,0,28,41,30,39,120,39,30,31,28,29,30,31,28,29,39,120,39,29,43,31,0,0,0,0,
0,0,0,0,24,43,26,42,38,42,26,27,24,25,26,27,24,25,40,40,43,25,41,27,0,0,0,0,
0,0,0,0,28,39,30,31,28,29,30,31,28,29,30,31,28,29,30,31,28,29,41,31,0,0,0,0,
0,0,0,0,24,39,42,39,38,38,39,43,39,41,41,41,39,39,40,41,43,41,39,27,0,0,0,0,
0,0,0,0,28,29,30,31,28,29,30,31,28,29,30,31,28,29,30,31,28,29,30,31,0,0,0,0,
0,0,0,0,0,0,0,0,0,0,0,0,0,0,0,0,0,0,0,0,0,0,0,0,0,0,0,0,
0,0,0,0,0,0,0,0,0,0,0,0,0,0,0,0,0,0,0,0,0,0,0,0,0,0,0,0,
0,0,0,0,0,0,0,0,0,0,0,0,0,0,0,0,0,0,0,0,0,0,0,0,0,0,0,0,
0,0,0,0,0,0,0,0,0,0,0,0,0,0,0,0,0,0,0,0,0,0,0,0,0,0,0,0

[layer]
type=background_fringe
data=
0,0,0,0,0,0,0,0,0,0,0,0,0,0,0,0,0,0,0,0,0,0,0,0,0,0,0,0,
0,0,0,0,0,0,0,0,0,0,0,0,0,0,0,0,0,0,0,0,0,0,0,0,0,0,0,0,
0,0,0,0,0,0,0,0,0,0,0,0,0,0,0,0,0,0,0,0,0,0,0,0,0,0,0,0,
0,0,0,0,0,0,0,0,0,0,0,0,0,0,0,0,0,0,0,0,0,0,0,0,0,0,0,0,
0,0,0,0,0,0,0,0,0,0,0,0,0,0,0,0,0,0,0,0,0,0,0,0,0,0,0,0,
0,0,0,0,0,0,0,0,0,0,0,0,0,0,0,0,0,0,0,0,0,0,0,0,0,0,0,0,
0,0,0,0,0,0,0,0,0,0,0,0,0,0,0,0,0,0,0,0,0,0,0,0,0,0,0,0,
0,0,0,0,0,0,0,0,0,0,0,0,0,0,0,0,0,0,0,0,0,0,0,0,0,0,0,0,
0,0,0,0,0,0,0,0,0,0,0,0,0,0,0,0,0,0,0,0,0,0,0,0,0,0,0,0,
0,0,0,0,0,0,0,0,0,0,0,0,0,0,0,0,0,0,0,0,0,0,0,0,0,0,0,0,
0,0,0,0,0,0,0,0,0,0,0,0,0,0,0,0,0,0,0,0,0,0,0,0,0,0,0,0,
0,0,0,0,0,0,0,0,0,0,0,0,0,0,0,0,0,0,0,0,0,0,0,0,0,0,0,0,
0,0,0,0,0,0,0,0,0,0,0,0,58,51,51,59,0,0,0,0,0,0,0,0,0,0,0,0,
0,0,0,0,0,0,0,0,0,0,0,0,50,0,0,48,0,0,0,0,0,0,0,0,0,0,0,0,
0,0,0,0,0,0,0,0,0,0,0,0,50,0,0,48,0,0,0,0,0,0,0,0,0,0,0,0,
0,0,0,0,0,0,0,0,0,0,0,0,57,49,49,56,0,0,0,0,0,0,0,0,0,0,0,0,
0,0,0,0,0,0,0,0,0,0,0,0,0,0,0,0,0,0,0,0,0,0,0,0,0,0,0,0,
0,0,0,0,0,0,0,0,0,0,0,0,0,0,0,0,0,0,0,0,0,0,0,0,0,0,0,0,
0,0,0,0,0,0,0,0,0,0,0,0,0,0,0,0,0,0,0,0,0,0,0,0,0,0,0,0,
0,0,0,0,0,0,0,0,0,0,0,0,0,0,0,0,0,0,0,0,0,0,0,0,0,0,0,0,
0,0,0,0,0,0,0,0,0,0,0,0,0,0,0,0,0,0,0,0,0,0,0,0,0,0,0,0,
0,0,0,0,0,0,0,0,0,0,0,0,0,0,0,0,0,0,0,0,0,0,0,0,0,0,0,0,
0,0,0,0,0,0,0,0,0,0,0,0,0,0,0,0,0,0,0,0,0,0,0,0,0,0,0,0,
0,0,0,0,0,0,0,0,0,0,0,0,0,0,0,0,0,0,0,0,0,0,0,0,0,0,0,0,
0,0,0,0,0,0,0,0,0,0,0,0,0,0,0,0,0,0,0,0,0,0,0,0,0,0,0,0,
0,0,0,0,0,0,0,0,0,0,0,0,0,0,0,0,0,0,0,0,0,0,0,0,0,0,0,0,
0,0,0,0,0,0,0,0,0,0,0,0,0,0,0,0,0,0,0,0,0,0,0,0,0,0,0,0,
0,0,0,0,0,0,0,0,0,0,0,0,0,0,0,0,0,0,0,0,0,0,0,0,0,0,0,0

[layer]
type=object
data=
153,154,155,156,153,154,155,156,153,154,155,156,153,154,155,156,153,154,155,156,153,154,155,156,153,154,155,156,
157,158,159,160,157,158,159,160,157,158,159,160,157,158,159,160,157,158,159,160,157,158,159,160,157,158,159,160,
153,154,165,166,162,165,166,162,161,163,163,166,163,166,165,162,165,165,162,164,162,162,163,166,165,164,155,156,
157,158,165,160,157,158,159,160,157,158,159,160,157,158,159,160,157,158,159,160,157,158,159,160,157,161,159,160,
153,154,165,156,148,196,236,171,237,169,175,216,177,175,169,177,237,200,250,214,196,214,216,149,153,163,155,156,
157,158,164,160,213,0,0,0,0,0,0,0,0,0,0,0,0,0,0,0,0,0,0,138,157,163,159,160,
153,154,162,156,174,0,0,0,0,0,0,0,0,0,0,0,0,0,0,0,0,0,0,138,153,166,155,156,
157,158,162,160,199,0,0,0,0,0,0,0,146,139,139,222,0,0,0,0,0,0,0,138,157,165,159,160,
153,154,162,156,252,0,0,0,0,0,0,0,145,239,236,144,194,0,0,0,0,0,0,138,153,161,155,156,
157,158,164,160,215,0,0,0,0,0,0,0,0,190,0,0,0,0,0,0,0,0,0,138,157,163,159,160,
153,154,161,156,168,0,0,0,0,0,0,0,0,0,0,0,0,0,0,0,0,0,0,138,153,164,155,156,
157,158,164,160,176,0,0,0,0,0,0,152,191,0,0,0,185,0,0,0,0,0,0,138,157,162,159,160,
153,154,165,156,238,0,0,146,222,192,0,0,0,0,0,0,0,0,0,146,147,0,0,138,153,164,155,156,
157,158,164,160,140,0,0,138,248,0,0,0,0,265,0,0,0,0,0,138,176,0,0,138,157,164,159,160,
153,154,162,156,170,0,0,138,235,0,0,0,0,244,0,0,0,0,0,138,136,0,0,138,153,166,155,156,
157,158,162,160,235,0,0,220,144,0,0,0,0,0,0,0,0,0,0,145,219,0,0,138,157,161,159,160,
153,154,161,156,240,0,0,0,191,0,0,233,190,0,0,0,234,0,0,0,189,0,0,138,153,166,155,156,
157,158,164,160,215,0,0,0,0,0,0,0,0,0,0,0,0,0,0,0,0,0,0,138,157,163,159,160,
153,154,163,156,136,0,0,0,0,0,0,0,0,0,0,0,0,0,0,0,0,0,0,138,153,164,155,156,
157,158,162,160,195,0,0,0,0,0,0,0,146,139,139,147,0,0,0,0,0,0,0,138,157,162,159,160,
153,154,166,156,176,0,0,0,0,0,0,0,145,216,137,219,193,0,0,0,0,0,0,138,153,166,155,156,
157,158,166,160,170,0,0,0,0,0,0,0,0,0,0,0,0,0,0,0,0,0,0,138,157,164,159,160,
153,154,166,156,176,0,0,0,0,0,0,0,0,0,0,0,0,0,0,0,0,0,0,138,153,164,155,156,
157,158,161,160,151,139,139,139,139,139,139,139,139,139,139,139,139,139,139,139,139,139,139,150,157,164,159,160,
153,154,162,156,153,154,155,156,153,154,155,156,153,154,155,156,153,154,155,156,153,154,155,156,153,164,155,156,
157,158,162,164,166,162,166,166,161,161,161,166,164,162,162,164,164,164,165,162,162,163,166,161,165,166,159,160,
153,154,155,156,153,154,155,156,153,154,155,156,153,154,155,156,153,154,155,156,153,154,155,156,153,154,155,156,
157,158,159,160,157,158,159,160,157,158,159,160,157,158,159,160,157,158,159,160,157,158,159,160,157,158,159,160

[layer]
type=collision
data=
3,3,3,3,3,3,3,3,3,3,3,3,3,3,3,3,3,3,3,3,3,3,3,3,3,3,3,3,
3,3,3,3,3,3,3,3,3,3,3,3,3,3,3,3,3,3,3,3,3,3,3,3,3,3,3,3,
3,3,3,3,3,3,3,3,3,3,3,3,3,3,3,3,3,3,3,3,3,3,3,3,3,3,3,3,
3,3,3,3,3,3,3,3,3,3,3,3,3,3,3,3,3,3,3,3,3,3,3,3,3,3,3,3,
3,3,3,3,1,1,1,1,1,1,1,1,1,1,1,1,1,1,1,1,1,1,1,1,3,3,3,3,
3,3,3,3,1,0,0,0,0,0,0,0,0,0,0,0,0,0,0,0,0,0,0,1,3,3,3,3,
3,3,3,3,1,0,0,0,0,0,0,0,0,0,0,0,0,0,0,0,0,0,0,1,3,3,3,3,
3,3,3,3,1,0,0,0,0,0,0,0,1,1,1,1,0,0,0,0,0,0,0,1,3,3,3,3,
3,3,3,3,1,0,0,0,0,0,0,0,1,1,1,1,2,0,0,0,0,0,0,1,3,3,3,3,
3,3,3,3,1,0,0,0,0,0,0,0,0,2,0,0,0,0,0,0,0,0,0,1,3,3,3,3,
3,3,3,3,1,0,0,0,0,0,0,0,0,0,0,0,0,0,0,0,0,0,0,1,3,3,3,3,
3,3,3,3,1,0,0,0,0,0,0,1,2,0,0,0,1,0,0,0,0,0,0,1,3,3,3,3,
3,3,3,3,1,0,0,1,1,2,0,0,0,0,0,0,0,0,0,1,1,0,0,1,3,3,3,3,
3,3,3,3,1,0,0,1,1,0,0,0,0,2,0,0,0,0,0,1,1,0,0,1,3,3,3,3,
3,3,3,3,1,0,0,1,1,0,0,0,0,1,0,0,0,0,0,1,1,0,0,1,3,3,3,3,
3,3,3,3,1,0,0,1,1,0,0,0,0,0,0,0,0,0,0,1,1,0,0,1,3,3,3,3,
3,3,3,3,1,0,0,0,2,0,0,1,2,0,0,0,1,0,0,0,2,0,0,1,3,3,3,3,
3,3,3,3,1,0,0,0,0,0,0,0,0,0,0,0,0,0,0,0,0,0,0,1,3,3,3,3,
3,3,3,3,1,0,0,0,0,0,0,0,0,0,0,0,0,0,0,0,0,0,0,1,3,3,3,3,
3,3,3,3,1,0,0,0,0,0,0,0,1,1,1,1,0,0,0,0,0,0,0,1,3,3,3,3,
3,3,3,3,1,0,0,0,0,0,0,0,1,1,1,1,2,0,0,0,0,0,0,1,3,3,3,3,
3,3,3,3,1,0,0,0,0,0,0,0,0,0,0,0,0,0,0,0,0,0,0,1,3,3,3,3,
3,3,3,3,1,0,0,0,0,0,0,0,0,0,0,0,0,0,0,0,0,0,0,1,3,3,3,3,
3,3,3,3,1,1,1,1,1,1,1,1,1,1,1,1,1,1,1,1,1,1,1,1,3,3,3,3,
3,3,3,3,3,3,3,3,3,3,3,3,3,3,3,3,3,3,3,3,3,3,3,3,3,3,3,3,
3,3,3,3,3,3,3,3,3,3,3,3,3,3,3,3,3,3,3,3,3,3,3,3,3,3,3,3,
3,3,3,3,3,3,3,3,3,3,3,3,3,3,3,3,3,3,3,3,3,3,3,3,3,3,3,3,
3,3,3,3,3,3,3,3,3,3,3,3,3,3,3,3,3,3,3,3,3,3,3,3,3,3,3,3

[event]
# Treasure Chest (floor 1, lvl 1)
type=event
location=13,13,1,1
activate=on_trigger
hotspot=location
mapmod=object,13,13,267
procgen_door_level=0
repeat=false
requires_status=emp_il_f1
script=scripts/maps/iron_labyrinth/f1_key_chest_1.txt
soundfx=soundfx/wood_open.ogg
tooltip=Treasure Chest

[event]
# Treasure Chest (floor 1, lvl 2)
type=event
location=13,13,1,1
activate=on_trigger
hotspot=location
mapmod=object,13,13,267
procgen_door_level=1
repeat=false
requires_status=emp_il_f1
script=scripts/maps/iron_labyrinth/f1_key_chest_2.txt
soundfx=soundfx/wood_open.ogg
tooltip=Treasure Chest

[event]
# Treasure Chest (floor 2, lvl 1)
type=event
location=13,13,1,1
activate=on_trigger
hotspot=location
mapmod=object,13,13,267
procgen_door_level=0
repeat=false
requires_status=emp_il_f2
script=scripts/maps/iron_labyrinth/f2_key_chest_1.txt
soundfx=soundfx/wood_open.ogg
tooltip=Treasure Chest

[event]
# Treasure Chest (floor 2, lvl 2)
type=event
location=13,13,1,1
activate=on_trigger
hotspot=location
mapmod=object,13,13,267
procgen_door_level=1
repeat=false
requires_status=emp_il_f2
script=scripts/maps/iron_labyrinth/f2_key_chest_2.txt
soundfx=soundfx/wood_open.ogg
tooltip=Treasure Chest

[event]
# Treasure Chest (floor 3, lvl 1)
type=event
location=13,13,1,1
activate=on_trigger
hotspot=location
mapmod=object,13,13,267
procgen_door_level=0
repeat=false
requires_status=emp_il_f3
script=scripts/maps/iron_labyrinth/f3_key_chest_1.txt
soundfx=soundfx/wood_open.ogg
tooltip=Treasure Chest

[event]
# Treasure Chest (floor 3, lvl 2)
type=event
location=13,13,1,1
activate=on_trigger
hotspot=location
mapmod=object,13,13,267
procgen_door_level=1
repeat=false
requires_status=emp_il_f3
script=scripts/maps/iron_labyrinth/f3_key_chest_2.txt
soundfx=soundfx/wood_open.ogg
tooltip=Treasure Chest

[enemy]
type=enemy
location=6,6,16,16
category=il_common
number=3,5
spawn_level=hero_level,1.1

