[header]
width=28
height=28
tilewidth=192
tileheight=96
orientation=isometric
background_color=0,0,0,255
hero_pos=13,13
procgen_type=links
tileset=tilesetdefs/tileset_ruins.txt

[tilesets]
tileset=../../../../../mods/hd-flare-game/tiled/tilesheets/tiled_collision.png,192,96,0,0
tileset=../../../../../mods/hd-flare-game/tiled/tilesheets/tiled_set_rules.png,192,96,0,0
tileset=../../../../../mods/hd-flare-game/tiled/tilesheets/ruins.png,192,384,0,0
tileset=../../../../../mods/hd-flare-game/tiled/tilesheets/ruins_door_left.png,192,384,-48,-24
tileset=../../../../../mods/hd-flare-game/tiled/tilesheets/ruins_door_right.png,192,384,48,-24
tileset=../../../../../mods/hd-flare-game/tiled/tilesheets/ruins_2x2.png,384,192,0,48
tileset=../../../../../mods/hd-flare-game/tiled/tilesheets/boss_chest.png,192,192,0,0

[layer]
type=background
data=
0,0,0,0,0,0,0,0,0,0,26,27,39,25,26,41,24,25,0,0,0,0,0,0,0,0,0,0,
0,0,0,0,0,0,0,0,0,0,30,122,124,29,30,122,124,29,0,0,0,0,0,0,0,0,0,0,
0,0,0,0,0,0,0,0,0,0,26,123,0,25,26,123,0,25,0,0,0,0,0,0,0,0,0,0,
0,0,0,0,0,0,0,0,0,0,30,123,0,29,30,123,0,29,0,0,0,0,0,0,0,0,0,0,
0,0,0,0,24,25,26,27,24,25,26,123,0,25,26,123,0,25,26,27,24,25,26,27,0,0,0,0,
0,0,0,0,28,42,42,39,40,40,38,39,42,29,30,42,41,40,39,43,38,43,40,31,0,0,0,0,
0,0,0,0,24,42,26,27,24,25,26,27,24,25,26,27,24,25,26,27,24,25,41,27,0,0,0,0,
0,0,0,0,28,38,30,31,28,29,30,31,28,29,30,31,28,29,30,31,28,29,43,31,0,0,0,0,
0,0,0,0,24,38,26,27,24,25,26,27,24,25,26,27,24,25,26,27,24,25,38,27,0,0,0,0,
0,0,0,0,28,38,30,31,28,29,30,31,28,29,30,31,28,29,30,31,28,29,40,31,0,0,0,0,
24,25,26,27,24,42,26,27,24,25,26,27,24,25,26,27,24,25,26,27,24,25,43,27,24,25,26,27,
28,122,124,124,124,42,30,31,28,29,30,31,28,29,30,31,28,29,30,31,28,29,43,122,124,124,124,31,
42,123,0,0,0,41,26,27,24,25,26,27,24,25,26,27,24,25,26,27,24,25,42,123,0,0,0,41,
28,29,30,31,28,29,30,31,28,29,30,31,28,29,30,31,28,29,30,31,28,29,30,31,28,29,30,31,
24,25,26,27,24,25,26,27,24,25,26,27,24,25,26,27,24,25,26,27,24,25,26,27,24,25,26,27,
41,122,124,124,124,38,30,31,28,29,30,31,28,29,30,31,28,29,30,31,28,29,39,122,124,124,124,40,
24,123,0,0,0,40,26,27,24,25,26,27,24,25,26,27,24,25,26,27,24,25,43,123,0,0,0,27,
28,29,30,31,28,38,30,31,28,29,30,31,28,29,30,31,28,29,30,31,28,29,39,31,28,29,30,31,
0,0,0,0,24,38,26,27,24,25,26,27,24,25,26,27,24,25,26,27,24,25,41,27,0,0,0,0,
0,0,0,0,28,41,30,31,28,29,30,31,28,29,30,31,28,29,30,31,28,29,43,31,0,0,0,0,
0,0,0,0,24,43,26,27,24,25,26,27,24,25,26,27,24,25,26,27,24,25,41,27,0,0,0,0,
0,0,0,0,28,39,30,31,28,29,30,31,28,29,30,31,28,29,30,31,28,29,41,31,0,0,0,0,
0,0,0,0,24,39,42,39,38,38,39,43,39,25,26,41,39,39,40,41,43,41,39,27,0,0,0,0,
0,0,0,0,28,29,30,31,28,29,30,122,124,29,30,122,124,29,30,31,28,29,30,31,0,0,0,0,
0,0,0,0,0,0,0,0,0,0,26,123,0,25,26,123,0,25,0,0,0,0,0,0,0,0,0,0,
0,0,0,0,0,0,0,0,0,0,30,123,0,29,30,123,0,29,0,0,0,0,0,0,0,0,0,0,
0,0,0,0,0,0,0,0,0,0,26,123,0,25,26,123,0,25,0,0,0,0,0,0,0,0,0,0,
0,0,0,0,0,0,0,0,0,0,30,31,41,29,30,42,28,29,0,0,0,0,0,0,0,0,0,0

[layer]
type=background_fringe
data=
0,0,0,0,0,0,0,0,0,0,60,49,53,61,60,49,49,61,0,0,0,0,0,0,0,0,0,0,
0,0,0,0,0,0,0,0,0,0,52,0,0,50,52,0,0,54,0,0,0,0,0,0,0,0,0,0,
0,0,0,0,0,0,0,0,0,0,48,0,0,50,48,0,0,54,0,0,0,0,0,0,0,0,0,0,
0,0,0,0,0,0,0,0,0,0,52,0,0,54,52,0,0,50,0,0,0,0,0,0,0,0,0,0,
0,0,0,0,0,0,0,0,0,0,52,0,0,50,52,0,0,54,0,0,0,0,0,0,0,0,0,0,
0,0,0,0,0,0,0,0,0,0,63,55,55,62,63,55,55,62,0,0,0,0,0,0,0,0,0,0,
0,0,0,0,0,0,0,0,0,0,0,0,0,0,0,0,0,0,0,0,0,0,0,0,0,0,0,0,
0,0,0,0,0,0,0,0,0,0,0,0,0,0,0,0,0,0,0,0,0,0,0,0,0,0,0,0,
0,0,0,0,0,0,0,0,0,0,0,0,0,0,0,0,0,0,0,0,0,0,0,0,0,0,0,0,
0,0,0,0,0,0,0,0,0,0,0,0,0,0,0,0,0,0,0,0,0,0,0,0,0,0,0,0,
60,53,53,49,49,61,0,0,0,0,0,0,0,0,0,0,0,0,0,0,0,0,60,49,53,49,49,61,
48,0,0,0,0,54,0,0,0,0,0,0,0,0,0,0,0,0,0,0,0,0,48,0,0,0,0,50,
52,0,0,0,0,50,0,0,0,0,0,0,0,0,0,0,0,0,0,0,0,0,48,0,0,0,0,50,
63,51,55,55,51,62,0,0,0,0,0,0,0,0,0,0,0,0,0,0,0,0,63,55,51,55,51,62,
60,53,49,53,49,61,0,0,0,0,0,0,0,0,0,0,0,0,0,0,0,0,60,53,49,49,49,61,
48,0,0,0,0,50,0,0,0,0,0,0,0,0,0,0,0,0,0,0,0,0,48,0,0,0,0,50,
52,0,0,0,0,50,0,0,0,0,0,0,0,0,0,0,0,0,0,0,0,0,48,0,0,0,0,50,
63,51,51,51,55,62,0,0,0,0,0,0,0,0,0,0,0,0,0,0,0,0,63,55,51,51,55,62,
0,0,0,0,0,0,0,0,0,0,0,0,0,0,0,0,0,0,0,0,0,0,0,0,0,0,0,0,
0,0,0,0,0,0,0,0,0,0,0,0,0,0,0,0,0,0,0,0,0,0,0,0,0,0,0,0,
0,0,0,0,0,0,0,0,0,0,0,0,0,0,0,0,0,0,0,0,0,0,0,0,0,0,0,0,
0,0,0,0,0,0,0,0,0,0,0,0,0,0,0,0,0,0,0,0,0,0,0,0,0,0,0,0,
0,0,0,0,0,0,0,0,0,0,60,49,53,61,60,53,49,61,0,0,0,0,0,0,0,0,0,0,
0,0,0,0,0,0,0,0,0,0,52,0,0,50,52,0,0,54,0,0,0,0,0,0,0,0,0,0,
0,0,0,0,0,0,0,0,0,0,52,0,0,54,48,0,0,54,0,0,0,0,0,0,0,0,0,0,
0,0,0,0,0,0,0,0,0,0,52,0,0,54,52,0,0,50,0,0,0,0,0,0,0,0,0,0,
0,0,0,0,0,0,0,0,0,0,52,0,0,54,48,0,0,54,0,0,0,0,0,0,0,0,0,0,
0,0,0,0,0,0,0,0,0,0,63,55,55,62,63,51,55,62,0,0,0,0,0,0,0,0,0,0

[layer]
type=object
data=
153,154,155,156,153,154,155,156,153,166,148,144,0,0,0,0,202,149,164,156,153,154,155,156,153,154,155,156,
157,158,159,160,157,158,159,160,157,161,176,0,0,0,0,0,0,138,163,160,157,158,159,160,157,158,159,160,
153,154,165,166,162,165,166,162,161,163,248,0,0,0,0,0,0,138,162,164,162,162,163,166,165,164,155,156,
157,158,165,160,157,158,159,160,157,158,170,0,0,0,0,0,0,138,159,160,157,158,159,160,157,161,159,160,
153,154,165,156,148,137,137,137,137,137,201,0,0,0,0,0,0,145,214,137,137,137,137,149,153,163,155,156,
157,158,164,160,136,0,0,0,0,0,0,0,0,0,0,0,0,0,0,0,0,0,0,138,157,163,159,160,
153,154,162,156,136,0,0,0,0,0,0,0,0,0,0,0,0,0,0,0,0,0,0,138,153,166,155,156,
157,158,162,160,136,0,0,0,0,0,0,0,0,0,0,0,0,0,0,0,0,0,0,138,157,165,159,160,
153,154,162,156,136,0,0,0,0,0,0,0,0,0,0,0,0,0,0,0,0,0,0,138,153,161,155,156,
161,161,164,160,170,0,0,0,0,0,0,0,0,0,0,0,0,0,0,0,0,0,0,138,157,163,162,166,
148,236,175,200,182,0,0,0,0,0,0,0,0,0,0,0,0,0,0,0,0,0,0,145,236,175,137,149,
201,0,0,0,0,0,0,0,0,0,0,0,0,0,0,0,0,0,0,0,0,0,0,0,0,0,0,220,
0,0,0,0,0,0,0,0,0,0,0,0,0,0,0,0,0,0,0,0,0,0,0,0,0,0,0,0,
0,0,0,0,0,0,0,0,0,0,0,0,0,0,0,0,0,0,0,0,0,0,0,0,0,0,0,0,
0,0,0,0,0,0,0,0,0,0,0,0,0,0,0,0,0,0,0,0,0,0,0,0,0,0,0,0,
0,0,0,0,0,0,0,0,0,0,0,0,0,0,0,0,0,0,0,0,0,0,0,0,0,0,0,0,
147,0,0,0,0,0,0,0,0,0,0,0,0,0,0,0,0,0,0,0,0,0,0,0,0,0,0,146,
151,139,139,139,147,0,0,0,0,0,0,0,0,0,0,0,0,0,0,0,0,0,0,146,139,139,139,150,
166,163,163,156,178,0,0,0,0,0,0,0,0,0,0,0,0,0,0,0,0,0,0,138,153,164,161,165,
157,158,162,160,136,0,0,0,0,0,0,0,0,0,0,0,0,0,0,0,0,0,0,138,157,162,159,160,
153,154,166,156,136,0,0,0,0,0,0,0,0,0,0,0,0,0,0,0,0,0,0,138,153,166,155,156,
157,158,166,160,136,0,0,0,0,0,0,0,0,0,0,0,0,0,0,0,0,0,0,138,157,164,159,160,
153,154,166,156,136,0,0,0,0,0,0,0,0,0,0,0,0,0,0,0,0,0,0,138,153,164,155,156,
157,158,161,160,151,139,139,139,139,139,222,0,0,0,0,0,0,146,139,139,139,139,139,150,157,164,159,160,
153,154,162,156,153,154,155,156,153,154,170,0,0,0,0,0,0,138,155,156,153,154,155,156,153,164,155,156,
157,158,162,164,166,162,166,166,161,161,213,0,0,0,0,0,0,138,165,162,162,163,166,161,165,166,159,160,
153,154,155,156,153,154,155,156,153,165,140,0,0,0,0,0,0,138,161,156,153,154,155,156,153,154,155,156,
157,158,159,160,157,158,159,160,157,165,151,184,0,0,0,0,146,150,162,160,157,158,159,160,157,158,159,160

[layer]
type=collision
data=
3,3,3,3,3,3,3,3,3,3,1,1,0,0,0,0,1,1,3,3,3,3,3,3,3,3,3,3,
3,3,3,3,3,3,3,3,3,3,1,2,2,0,0,2,2,1,3,3,3,3,3,3,3,3,3,3,
3,3,3,3,3,3,3,3,3,3,1,2,2,0,0,2,2,1,3,3,3,3,3,3,3,3,3,3,
3,3,3,3,3,3,3,3,3,3,1,2,2,0,0,2,2,1,3,3,3,3,3,3,3,3,3,3,
3,3,3,3,1,1,1,1,1,1,1,2,2,0,0,2,2,1,1,1,1,1,1,1,3,3,3,3,
3,3,3,3,1,0,0,0,0,0,0,0,0,0,0,0,0,0,0,0,0,0,0,1,3,3,3,3,
3,3,3,3,1,0,0,0,0,0,0,0,0,0,0,0,0,0,0,0,0,0,0,1,3,3,3,3,
3,3,3,3,1,0,0,0,0,0,0,0,0,0,0,0,0,0,0,0,0,0,0,1,3,3,3,3,
3,3,3,3,1,0,0,0,0,0,0,0,0,0,0,0,0,0,0,0,0,0,0,1,3,3,3,3,
3,3,3,3,1,0,0,0,0,0,0,0,0,0,0,0,0,0,0,0,0,0,0,1,3,3,3,3,
1,1,1,1,1,0,0,0,0,0,0,0,0,0,0,0,0,0,0,0,0,0,0,1,3,3,3,3,
1,2,2,2,2,0,0,0,0,0,0,0,0,0,0,0,0,0,0,0,0,0,0,2,2,2,2,1,
0,2,2,2,2,0,0,0,0,0,0,0,0,0,0,0,0,0,0,0,0,0,0,2,2,2,2,0,
0,0,0,0,0,0,0,0,0,0,0,0,0,0,0,0,0,0,0,0,0,0,0,0,0,0,0,0,
0,0,0,0,0,0,0,0,0,0,0,0,0,0,0,0,0,0,0,0,0,0,0,0,0,0,0,0,
0,2,2,2,2,0,0,0,0,0,0,0,0,0,0,0,0,0,0,0,0,0,0,2,2,2,2,0,
1,2,2,2,2,0,0,0,0,0,0,0,0,0,0,0,0,0,0,0,0,0,0,2,2,2,2,1,
1,1,1,1,1,0,0,0,0,0,0,0,0,0,0,0,0,0,0,0,0,0,0,1,1,1,1,1,
3,3,3,3,1,0,0,0,0,0,0,0,0,0,0,0,0,0,0,0,0,0,0,1,3,3,3,3,
3,3,3,3,1,0,0,0,0,0,0,0,0,0,0,0,0,0,0,0,0,0,0,1,3,3,3,3,
3,3,3,3,1,0,0,0,0,0,0,0,0,0,0,0,0,0,0,0,0,0,0,1,3,3,3,3,
3,3,3,3,1,0,0,0,0,0,0,0,0,0,0,0,0,0,0,0,0,0,0,1,3,3,3,3,
3,3,3,3,1,0,0,0,0,0,0,0,0,0,0,0,0,0,0,0,0,0,0,1,3,3,3,3,
3,3,3,3,1,1,1,1,1,1,1,2,2,0,0,2,2,1,1,1,1,1,1,1,3,3,3,3,
3,3,3,3,3,3,3,3,3,3,1,2,2,0,0,2,2,1,3,3,3,3,3,3,3,3,3,3,
3,3,3,3,3,3,3,3,3,3,1,2,2,0,0,2,2,1,3,3,3,3,3,3,3,3,3,3,
3,3,3,3,3,3,3,3,3,3,1,2,2,0,0,2,2,1,3,3,3,3,3,3,3,3,3,3,
3,3,3,3,3,3,3,3,3,3,1,1,0,0,0,0,1,1,3,3,3,3,3,3,3,3,3,3

[event]
# north
type=event
location=9,0,10,6
procgen_link=north

[event]
# south
type=event
location=9,22,10,6
procgen_link=south

[event]
# west
type=event
location=0,9,6,10
procgen_link=west

[event]
# east
type=event
location=22,9,6,10
procgen_link=east

[enemy]
type=enemy
location=0,12,4,4
category=il_common
number=0,1
spawn_level=hero_level,1

[enemy]
type=enemy
location=12,24,4,4
category=il_common
number=0,1
spawn_level=hero_level,1

[enemy]
type=enemy
location=24,12,4,4
category=il_common
number=0,1
spawn_level=hero_level,1

[enemy]
type=enemy
location=12,0,4,4
category=il_common
number=0,1
spawn_level=hero_level,1

