[header]
width=28
height=28
tilewidth=192
tileheight=96
orientation=isometric
background_color=0,0,0,255
hero_pos=13,13
procgen_type=normal
tileset=tilesetdefs/tileset_ruins.txt

[tilesets]
tileset=../../../../../mods/hd-flare-game/tiled/tilesheets/tiled_collision.png,192,96,0,0
tileset=../../../../../mods/hd-flare-game/tiled/tilesheets/tiled_set_rules.png,192,96,0,0
tileset=../../../../../mods/hd-flare-game/tiled/tilesheets/ruins.png,192,384,0,0
tileset=../../../../../mods/hd-flare-game/tiled/tilesheets/ruins_door_left.png,192,384,-48,-24
tileset=../../../../../mods/hd-flare-game/tiled/tilesheets/ruins_door_right.png,192,384,48,-24
tileset=../../../../../mods/hd-flare-game/tiled/tilesheets/ruins_2x2.png,384,192,0,48
tileset=../../../../../mods/hd-flare-game/tiled/tilesheets/boss_chest.png,192,192,0,0

[layer]
type=background
data=
0,0,0,0,0,0,0,0,0,0,0,0,0,0,0,0,0,0,0,0,0,0,0,0,0,0,0,0,
0,0,0,0,0,0,0,0,0,0,0,0,0,0,0,0,0,0,0,0,0,0,0,0,0,0,0,0,
0,0,0,0,0,0,0,0,0,0,0,0,0,0,0,0,0,0,0,0,0,0,0,0,0,0,0,0,
0,0,0,0,0,0,0,0,0,0,0,0,0,0,0,0,0,0,0,0,0,0,0,0,0,0,0,0,
0,0,0,0,24,25,26,27,24,25,26,27,24,25,26,27,24,25,26,27,24,25,26,27,0,0,0,0,
0,0,0,0,28,42,42,39,40,40,38,39,42,38,39,42,41,40,39,43,38,43,40,31,0,0,0,0,
0,0,0,0,24,42,26,27,24,25,26,27,24,25,26,27,24,25,26,27,24,25,41,27,0,0,0,0,
0,0,0,0,28,38,30,31,28,29,30,31,28,29,30,31,28,29,30,31,28,29,43,31,0,0,0,0,
0,0,0,0,24,38,26,27,24,25,26,27,24,25,26,27,24,25,26,27,24,25,38,27,0,0,0,0,
0,0,0,0,28,38,30,31,28,29,30,31,28,29,30,31,28,29,30,31,28,29,40,31,0,0,0,0,
0,0,0,0,24,42,26,27,24,25,26,27,24,25,26,27,24,25,26,27,24,25,43,27,0,0,0,0,
0,0,0,0,28,42,30,31,28,29,30,31,28,29,30,31,28,29,30,31,28,29,43,31,0,0,0,0,
0,0,0,0,24,41,26,27,24,25,26,27,24,25,26,27,24,25,26,27,24,25,42,27,0,0,0,0,
0,0,0,0,28,40,30,31,28,29,30,31,28,29,30,31,28,29,30,31,28,29,39,31,0,0,0,0,
0,0,0,0,24,38,26,27,24,25,26,27,24,25,26,27,24,25,26,27,24,25,43,27,0,0,0,0,
0,0,0,0,28,38,30,31,28,29,30,31,28,29,30,31,28,29,30,31,28,29,39,31,0,0,0,0,
0,0,0,0,24,40,26,27,24,25,26,27,24,25,26,27,24,25,26,27,24,25,43,27,0,0,0,0,
0,0,0,0,28,38,30,31,28,29,30,31,28,29,30,31,28,29,30,31,28,29,39,31,0,0,0,0,
0,0,0,0,24,38,26,27,24,25,26,27,24,25,26,27,24,25,26,27,24,25,41,27,0,0,0,0,
0,0,0,0,28,41,30,31,28,29,30,31,28,29,30,31,28,29,30,31,28,29,43,31,0,0,0,0,
0,0,0,0,24,43,26,27,24,25,26,27,24,25,26,27,24,25,26,27,24,25,41,27,0,0,0,0,
0,0,0,0,28,39,30,31,28,29,30,31,28,29,30,31,28,29,30,31,28,29,41,31,0,0,0,0,
0,0,0,0,24,39,42,39,38,38,39,43,39,41,41,41,39,39,40,41,43,41,39,27,0,0,0,0,
0,0,0,0,28,29,30,31,28,29,30,31,28,29,30,31,28,29,30,31,28,29,30,31,0,0,0,0,
0,0,0,0,0,0,0,0,0,0,0,0,0,0,0,0,0,0,0,0,0,0,0,0,0,0,0,0,
0,0,0,0,0,0,0,0,0,0,0,0,0,0,0,0,0,0,0,0,0,0,0,0,0,0,0,0,
0,0,0,0,0,0,0,0,0,0,0,0,0,0,0,0,0,0,0,0,0,0,0,0,0,0,0,0,
0,0,0,0,0,0,0,0,0,0,0,0,0,0,0,0,0,0,0,0,0,0,0,0,0,0,0,0

[layer]
type=background_fringe
data=
0,0,0,0,0,0,0,0,0,0,0,0,0,0,0,0,0,0,0,0,0,0,0,0,0,0,0,0,
0,0,0,0,0,0,0,0,0,0,0,0,0,0,0,0,0,0,0,0,0,0,0,0,0,0,0,0,
0,0,0,0,0,0,0,0,0,0,0,0,0,0,0,0,0,0,0,0,0,0,0,0,0,0,0,0,
0,0,0,0,0,0,0,0,0,0,0,0,0,0,0,0,0,0,0,0,0,0,0,0,0,0,0,0,
0,0,0,0,0,0,0,0,0,0,0,0,0,0,0,0,0,0,0,0,0,0,0,0,0,0,0,0,
0,0,0,0,0,0,0,0,0,0,0,0,0,0,0,0,0,0,0,0,0,0,0,0,0,0,0,0,
0,0,0,0,0,0,0,0,0,0,0,0,0,0,0,0,0,0,0,0,0,0,0,0,0,0,0,0,
0,0,0,0,0,0,0,0,0,0,0,0,0,0,0,0,0,0,0,0,0,0,0,0,0,0,0,0,
0,0,0,0,0,0,0,0,0,0,0,0,0,0,0,0,0,0,0,0,0,0,0,0,0,0,0,0,
0,0,0,0,0,0,0,0,0,0,0,0,0,0,0,0,0,0,0,0,0,0,0,0,0,0,0,0,
0,0,0,0,0,0,0,0,0,0,0,0,0,0,0,0,0,0,0,0,0,0,0,0,0,0,0,0,
0,0,0,0,0,0,0,0,0,0,0,0,0,0,0,0,0,0,0,0,0,0,0,0,0,0,0,0,
0,0,0,0,0,0,0,0,0,0,0,0,0,0,0,0,0,0,0,0,0,0,0,0,0,0,0,0,
0,0,0,0,0,0,0,0,0,0,0,0,0,0,0,0,0,0,0,0,0,0,0,0,0,0,0,0,
0,0,0,0,0,0,0,0,0,0,0,0,0,0,0,0,0,0,0,0,0,0,0,0,0,0,0,0,
0,0,0,0,0,0,0,0,0,0,0,0,0,0,0,0,0,0,0,0,0,0,0,0,0,0,0,0,
0,0,0,0,0,0,0,0,0,0,0,0,0,0,0,0,0,0,0,0,0,0,0,0,0,0,0,0,
0,0,0,0,0,0,0,0,0,0,0,0,0,0,0,0,0,0,0,0,0,0,0,0,0,0,0,0,
0,0,0,0,0,0,0,0,0,0,0,0,0,0,0,0,0,0,0,0,0,0,0,0,0,0,0,0,
0,0,0,0,0,0,0,0,0,0,0,0,0,0,0,0,0,0,0,0,0,0,0,0,0,0,0,0,
0,0,0,0,0,0,0,0,0,0,0,0,0,0,0,0,0,0,0,0,0,0,0,0,0,0,0,0,
0,0,0,0,0,0,0,0,0,0,0,0,0,0,0,0,0,0,0,0,0,0,0,0,0,0,0,0,
0,0,0,0,0,0,0,0,0,0,0,0,0,0,0,0,0,0,0,0,0,0,0,0,0,0,0,0,
0,0,0,0,0,0,0,0,0,0,0,0,0,0,0,0,0,0,0,0,0,0,0,0,0,0,0,0,
0,0,0,0,0,0,0,0,0,0,0,0,0,0,0,0,0,0,0,0,0,0,0,0,0,0,0,0,
0,0,0,0,0,0,0,0,0,0,0,0,0,0,0,0,0,0,0,0,0,0,0,0,0,0,0,0,
0,0,0,0,0,0,0,0,0,0,0,0,0,0,0,0,0,0,0,0,0,0,0,0,0,0,0,0,
0,0,0,0,0,0,0,0,0,0,0,0,0,0,0,0,0,0,0,0,0,0,0,0,0,0,0,0

[layer]
type=object
data=
153,154,155,156,153,154,155,156,153,154,155,156,153,154,155,156,153,154,155,156,153,154,155,156,153,154,155,156,
157,158,159,160,157,158,159,160,157,158,159,160,157,158,159,160,157,158,159,160,157,158,159,160,157,158,159,160,
153,154,165,166,162,165,166,162,161,163,163,166,163,166,165,162,165,165,162,164,162,162,163,166,165,164,155,156,
157,158,165,160,157,158,159,160,157,158,159,160,157,158,159,160,157,158,159,160,157,158,159,160,157,161,159,160,
153,154,165,156,148,196,179,239,169,216,175,141,171,237,141,239,214,177,236,216,177,175,196,149,153,163,155,156,
157,158,164,160,174,0,0,0,0,0,0,0,0,0,0,0,0,0,0,0,0,0,0,138,157,163,159,160,
153,154,162,156,235,0,0,0,0,0,0,0,0,0,0,0,0,0,0,0,0,0,0,138,153,166,155,156,
157,158,162,160,140,0,0,146,139,139,139,139,147,0,0,0,0,0,0,0,0,0,0,138,157,165,159,160,
153,154,162,156,174,0,0,138,148,177,137,149,170,0,0,0,0,0,234,0,0,0,0,138,153,161,155,156,
157,158,164,160,215,0,0,138,178,264,0,138,151,139,139,212,0,0,0,0,0,0,0,138,157,163,159,160,
153,154,161,156,140,0,0,138,176,0,0,138,148,236,171,205,0,0,0,0,0,0,0,138,153,164,155,156,
157,158,164,160,170,0,0,220,144,379,370,145,219,270,241,0,0,0,226,268,0,0,0,138,157,162,159,160,
153,154,165,156,140,0,0,0,0,0,0,191,0,0,0,0,0,0,0,0,0,0,0,138,153,164,155,156,
157,158,164,160,235,0,0,0,0,0,0,0,0,0,0,0,0,0,0,0,0,0,0,138,157,164,159,160,
153,154,162,156,168,0,0,0,0,0,0,0,0,0,0,0,0,0,0,0,0,0,0,138,153,166,155,156,
157,158,162,160,176,0,0,0,0,0,0,0,0,0,0,0,0,0,0,0,192,0,0,138,157,161,159,160,
153,154,161,156,170,0,0,221,147,0,0,146,222,0,0,146,147,0,0,146,147,0,0,138,153,166,155,156,
157,158,164,160,140,0,0,138,174,368,378,138,174,0,0,138,168,368,378,138,178,0,0,138,157,163,159,160,
153,154,163,156,199,0,0,138,170,0,0,138,170,0,0,138,199,0,0,138,174,0,0,138,153,164,155,156,
157,158,162,160,174,0,0,138,151,139,139,150,248,0,0,138,151,139,139,150,238,0,0,138,157,162,159,160,
153,154,166,156,238,0,0,145,236,169,196,237,182,0,0,183,196,249,141,196,144,0,0,138,153,166,155,156,
157,158,166,160,174,0,0,0,0,0,0,0,0,0,0,0,0,0,0,0,0,0,0,138,157,164,159,160,
153,154,166,156,174,0,0,0,0,0,0,0,0,0,0,0,0,0,0,0,0,0,0,138,153,164,155,156,
157,158,161,160,151,139,139,139,139,139,139,139,139,139,139,139,139,139,139,139,139,139,139,150,157,164,159,160,
153,154,162,156,153,154,155,156,153,154,155,156,153,154,155,156,153,154,155,156,153,154,155,156,153,164,155,156,
157,158,162,164,166,162,166,166,161,161,161,166,164,162,162,164,164,164,165,162,162,163,166,161,165,166,159,160,
153,154,155,156,153,154,155,156,153,154,155,156,153,154,155,156,153,154,155,156,153,154,155,156,153,154,155,156,
157,158,159,160,157,158,159,160,157,158,159,160,157,158,159,160,157,158,159,160,157,158,159,160,157,158,159,160

[layer]
type=collision
data=
3,3,3,3,3,3,3,3,3,3,3,3,3,3,3,3,3,3,3,3,3,3,3,3,3,3,3,3,
3,3,3,3,3,3,3,3,3,3,3,3,3,3,3,3,3,3,3,3,3,3,3,3,3,3,3,3,
3,3,3,3,3,3,3,3,3,3,3,3,3,3,3,3,3,3,3,3,3,3,3,3,3,3,3,3,
3,3,3,3,3,3,3,3,3,3,3,3,3,3,3,3,3,3,3,3,3,3,3,3,3,3,3,3,
3,3,3,3,1,1,1,1,1,1,1,1,1,1,1,1,1,1,1,1,1,1,1,1,3,3,3,3,
3,3,3,3,1,0,0,0,0,0,0,0,0,0,0,0,0,0,0,0,0,0,0,1,3,3,3,3,
3,3,3,3,1,0,0,0,0,0,0,0,0,0,0,0,0,0,0,0,0,0,0,1,3,3,3,3,
3,3,3,3,1,0,0,1,1,1,1,1,1,0,0,0,0,0,0,0,0,0,0,1,3,3,3,3,
3,3,3,3,1,0,0,1,1,1,1,1,1,0,0,0,0,0,1,0,0,0,0,1,3,3,3,3,
3,3,3,3,1,0,0,1,1,2,4,1,1,1,1,1,0,0,0,0,0,0,0,1,3,3,3,3,
3,3,3,3,1,0,0,1,1,1,1,1,1,1,1,1,0,0,0,0,0,0,0,1,3,3,3,3,
3,3,3,3,1,0,0,1,1,1,1,1,1,2,1,0,0,0,1,2,0,0,0,1,3,3,3,3,
3,3,3,3,1,0,0,0,0,0,0,2,0,0,0,0,0,0,0,0,0,0,0,1,3,3,3,3,
3,3,3,3,1,0,0,0,0,0,0,0,0,0,0,0,0,0,0,0,0,0,0,1,3,3,3,3,
3,3,3,3,1,0,0,0,0,0,0,0,0,0,0,0,0,0,0,0,0,0,0,1,3,3,3,3,
3,3,3,3,1,0,0,0,0,0,0,0,0,0,0,0,0,0,0,0,2,0,0,1,3,3,3,3,
3,3,3,3,1,0,0,1,1,1,1,1,1,0,0,1,1,1,1,1,1,0,0,1,3,3,3,3,
3,3,3,3,1,0,0,1,1,1,1,1,1,0,0,1,1,1,1,1,1,0,0,1,3,3,3,3,
3,3,3,3,1,0,0,1,1,4,0,1,1,0,0,1,1,4,0,1,1,0,0,1,3,3,3,3,
3,3,3,3,1,0,0,1,1,1,1,1,1,0,0,1,1,1,1,1,1,0,0,1,3,3,3,3,
3,3,3,3,1,0,0,1,1,1,1,1,1,0,0,1,1,1,1,1,1,0,0,1,3,3,3,3,
3,3,3,3,1,0,0,0,0,0,0,0,0,0,0,0,0,0,0,0,0,0,0,1,3,3,3,3,
3,3,3,3,1,0,0,0,0,0,0,0,0,0,0,0,0,0,0,0,0,0,0,1,3,3,3,3,
3,3,3,3,1,1,1,1,1,1,1,1,1,1,1,1,1,1,1,1,1,1,1,1,3,3,3,3,
3,3,3,3,3,3,3,3,3,3,3,3,3,3,3,3,3,3,3,3,3,3,3,3,3,3,3,3,
3,3,3,3,3,3,3,3,3,3,3,3,3,3,3,3,3,3,3,3,3,3,3,3,3,3,3,3,
3,3,3,3,3,3,3,3,3,3,3,3,3,3,3,3,3,3,3,3,3,3,3,3,3,3,3,3,
3,3,3,3,3,3,3,3,3,3,3,3,3,3,3,3,3,3,3,3,3,3,3,3,3,3,3,3

[enemy]
# Cell enemy
type=enemy
location=10,18,1,1
category=il_undead
number=1
spawn_level=hero_level,1

[enemy]
# Cell enemy
type=enemy
location=18,18,1,1
category=il_undead
number=1
spawn_level=hero_level,1

[enemy]
type=enemy
location=12,9,10,6
category=il_undead
number=2,3
spawn_level=hero_level,1

[event]
# Cell Switch
type=event
location=13,11,1,1
activate=on_trigger
hotspot=location
mapmod=object,13,11,271;object,10,11,362;object,9,16,360;object,17,16,360;object,9,11,0;object,9,17,0;object,10,17,0;object,17,17,0;object,18,17,0;collision,9,10,0;collision,9,11,0;collision,10,16,0;collision,10,17,0;collision,18,16,0;collision,18,17,0
repeat=false
soundfx=soundfx/door_open.ogg
tooltip=Switch

[event]
# Urn
type=event
location=19,11,1,1
activate=on_trigger
hotspot=location
loot=loot/il_chest_common.txt
loot_count=1
mapmod=object,19,11,269
repeat=false
soundfx=soundfx/inventory/inventory_object.ogg
tooltip=Urn

[event]
# Treasure Chest
type=event
location=9,9,1,1
activate=on_trigger
hotspot=location
loot=loot/il_chest_common.txt
loot_count=1,2
mapmod=object,9,9,266
repeat=false
soundfx=soundfx/wood_open.ogg
tooltip=Treasure Chest

[event]
# Aggro prisoner
type=event
location=6,6,16,16
activate=on_trigger
power=161
power_path=18,18
repeat=false
requires_tile=object,13,11,271

[event]
# Aggro prisoner
type=event
location=6,6,16,16
activate=on_trigger
power=161
power_path=10,18
repeat=false
requires_tile=object,13,11,271

