[header]
width=28
height=28
tilewidth=192
tileheight=96
orientation=isometric
background_color=0,0,0,255
hero_pos=13,13
procgen_type=normal
tileset=tilesetdefs/tileset_ruins.txt

[tilesets]
tileset=../../../../../mods/hd-flare-game/tiled/tilesheets/tiled_collision.png,192,96,0,0
tileset=../../../../../mods/hd-flare-game/tiled/tilesheets/tiled_set_rules.png,192,96,0,0
tileset=../../../../../mods/hd-flare-game/tiled/tilesheets/ruins.png,192,384,0,0
tileset=../../../../../mods/hd-flare-game/tiled/tilesheets/ruins_door_left.png,192,384,-48,-24
tileset=../../../../../mods/hd-flare-game/tiled/tilesheets/ruins_door_right.png,192,384,48,-24
tileset=../../../../../mods/hd-flare-game/tiled/tilesheets/ruins_2x2.png,384,192,0,48
tileset=../../../../../mods/hd-flare-game/tiled/tilesheets/boss_chest.png,192,192,0,0

[layer]
type=background
data=
0,0,0,0,0,0,0,0,0,0,0,0,0,0,0,0,0,0,0,0,0,0,0,0,0,0,0,0,
0,0,0,0,0,0,0,0,0,0,0,0,0,0,0,0,0,0,0,0,0,0,0,0,0,0,0,0,
0,0,0,0,0,0,0,0,0,0,0,0,0,0,0,0,0,0,0,0,0,0,0,0,0,0,0,0,
0,0,0,0,0,0,0,0,0,0,0,0,0,0,0,0,0,0,0,0,0,0,0,0,0,0,0,0,
0,0,0,0,0,0,0,27,24,25,26,27,24,25,26,27,24,25,26,27,24,0,0,0,0,0,0,0,
0,0,0,0,0,0,0,31,40,40,38,39,42,38,39,42,41,40,39,43,28,0,0,0,0,0,0,0,
0,0,0,0,0,0,0,27,42,25,26,27,24,25,26,27,24,25,26,38,24,0,0,0,0,0,0,0,
0,0,0,0,28,29,30,31,41,29,30,31,28,29,30,31,28,29,30,42,28,29,30,31,0,0,0,0,
0,0,0,0,24,38,38,42,122,124,124,124,124,43,38,122,124,124,124,124,42,39,38,27,0,0,0,0,
0,0,0,0,28,38,30,31,123,29,123,0,0,40,43,123,0,0,0,0,28,29,40,31,0,0,0,0,
0,0,0,0,24,42,26,27,123,124,0,0,0,25,26,123,0,25,123,0,24,25,43,27,0,0,0,0,
0,0,0,0,28,42,30,31,123,0,0,0,0,29,30,123,0,124,0,0,28,29,43,31,0,0,0,0,
0,0,0,0,24,41,26,27,40,41,26,27,24,25,26,123,0,0,0,27,24,25,42,27,0,0,0,0,
0,0,0,0,28,40,30,31,42,41,30,31,28,29,30,31,28,123,0,31,28,29,39,31,0,0,0,0,
0,0,0,0,24,38,26,27,122,124,26,27,24,25,26,122,124,0,0,27,24,25,43,27,0,0,0,0,
0,0,0,0,28,38,30,31,123,0,30,31,28,29,30,123,0,0,0,31,28,29,39,31,0,0,0,0,
0,0,0,0,24,40,26,27,123,0,124,124,124,25,26,43,43,25,26,27,24,25,43,27,0,0,0,0,
0,0,0,0,28,38,30,31,123,0,30,123,0,29,30,42,40,29,30,31,28,29,39,31,0,0,0,0,
0,0,0,0,24,38,26,27,123,0,124,0,0,124,124,124,124,25,26,27,24,25,41,27,0,0,0,0,
0,0,0,0,28,41,43,43,123,0,0,0,0,0,0,0,0,29,30,31,28,29,43,31,0,0,0,0,
0,0,0,0,24,25,26,27,43,25,26,27,24,25,26,27,24,25,26,27,24,25,41,27,0,0,0,0,
0,0,0,0,0,0,0,31,38,29,30,31,28,29,30,31,28,29,30,31,28,29,41,31,0,0,0,0,
0,0,0,0,0,0,0,27,38,38,39,43,39,41,41,41,39,39,40,41,43,41,39,27,0,0,0,0,
0,0,0,0,0,0,0,31,28,29,30,31,28,29,30,31,28,29,30,31,28,29,30,31,0,0,0,0,
0,0,0,0,0,0,0,0,0,0,0,0,0,0,0,0,0,0,0,0,0,0,0,0,0,0,0,0,
0,0,0,0,0,0,0,0,0,0,0,0,0,0,0,0,0,0,0,0,0,0,0,0,0,0,0,0,
0,0,0,0,0,0,0,0,0,0,0,0,0,0,0,0,0,0,0,0,0,0,0,0,0,0,0,0,
0,0,0,0,0,0,0,0,0,0,0,0,0,0,0,0,0,0,0,0,0,0,0,0,0,0,0,0

[layer]
type=background_fringe
data=
0,0,0,0,0,0,0,0,0,0,0,0,0,0,0,0,0,0,0,0,0,0,0,0,0,0,0,0,
0,0,0,0,0,0,0,0,0,0,0,0,0,0,0,0,0,0,0,0,0,0,0,0,0,0,0,0,
0,0,0,0,0,0,0,0,0,0,0,0,0,0,0,0,0,0,0,0,0,0,0,0,0,0,0,0,
0,0,0,0,0,0,0,0,0,0,0,0,0,0,0,0,0,0,0,0,0,0,0,0,0,0,0,0,
0,0,0,0,0,0,0,0,0,0,0,0,0,0,0,0,0,0,0,0,0,0,0,0,0,0,0,0,
0,0,0,0,0,0,0,0,0,0,0,0,0,0,0,0,0,0,0,0,0,0,0,0,0,0,0,0,
0,0,0,0,0,0,0,0,0,0,0,0,0,0,0,0,0,0,0,0,0,0,0,0,0,0,0,0,
0,0,0,0,0,0,0,60,49,49,49,49,49,61,60,49,49,53,49,53,61,0,0,0,0,0,0,0,
0,0,0,0,0,0,0,48,0,0,0,0,0,50,52,0,0,0,0,0,54,0,0,0,0,0,0,0,
0,0,0,0,0,0,0,48,0,58,0,0,0,50,48,0,0,0,0,0,50,0,0,0,0,0,0,0,
0,0,0,0,0,0,0,52,0,0,0,0,0,50,48,0,0,58,0,0,50,0,0,0,0,0,0,0,
0,0,0,0,0,0,0,52,0,0,0,0,0,54,52,0,0,0,0,0,54,0,0,0,0,0,0,0,
0,0,0,0,0,0,0,63,55,51,51,51,51,62,48,0,0,0,0,58,62,0,0,0,0,0,0,0,
0,0,0,0,0,0,0,60,49,49,61,0,0,0,63,51,59,0,0,50,0,0,0,0,0,0,0,0,
0,0,0,0,0,0,0,52,0,0,54,0,0,0,48,51,51,0,0,50,0,0,0,0,0,0,0,0,
0,0,0,0,0,0,0,48,0,0,57,53,49,61,48,0,0,0,0,54,0,0,0,0,0,0,0,0,
0,0,0,0,0,0,0,52,0,0,0,0,0,50,63,55,51,55,55,62,0,0,0,0,0,0,0,0,
0,0,0,0,0,0,0,52,0,0,58,0,0,57,49,53,49,61,58,55,59,0,0,0,0,0,0,0,
0,0,0,0,0,0,0,52,0,0,0,0,0,0,0,0,0,54,50,0,52,0,0,0,0,0,0,0,
0,0,0,0,0,0,0,48,0,0,0,0,0,0,0,0,0,54,54,0,48,0,0,0,0,0,0,0,
0,0,0,0,0,0,0,63,51,51,55,51,55,55,55,51,55,62,57,49,56,0,0,0,0,0,0,0,
0,0,0,0,0,0,0,0,0,0,0,0,0,0,0,0,0,0,0,0,0,0,0,0,0,0,0,0,
0,0,0,0,0,0,0,0,0,0,0,0,0,0,0,0,0,0,0,0,0,0,0,0,0,0,0,0,
0,0,0,0,0,0,0,0,0,0,0,0,0,0,0,0,0,0,0,0,0,0,0,0,0,0,0,0,
0,0,0,0,0,0,0,0,0,0,0,0,0,0,0,0,0,0,0,0,0,0,0,0,0,0,0,0,
0,0,0,0,0,0,0,0,0,0,0,0,0,0,0,0,0,0,0,0,0,0,0,0,0,0,0,0,
0,0,0,0,0,0,0,0,0,0,0,0,0,0,0,0,0,0,0,0,0,0,0,0,0,0,0,0,
0,0,0,0,0,0,0,0,0,0,0,0,0,0,0,0,0,0,0,0,0,0,0,0,0,0,0,0

[layer]
type=object
data=
153,154,155,156,153,154,155,156,153,154,155,156,153,154,155,156,153,154,155,156,153,154,155,156,153,154,155,156,
157,158,159,160,157,158,159,160,157,158,159,160,157,158,159,160,157,158,159,160,157,158,159,160,157,158,159,160,
153,154,165,166,162,165,166,162,161,163,163,166,163,166,165,162,165,165,162,164,162,162,163,166,165,164,155,156,
157,158,165,160,157,158,159,160,157,158,159,160,157,158,159,160,157,158,159,160,157,158,159,160,157,161,159,160,
153,154,165,156,155,156,153,148,137,169,237,137,175,137,171,177,141,175,236,141,149,154,155,156,153,163,155,156,
157,158,164,160,159,160,157,215,0,0,0,0,0,0,0,0,0,0,0,0,138,158,159,160,157,163,159,160,
153,154,162,156,159,160,157,252,0,0,0,0,0,0,0,0,0,0,0,0,138,154,155,156,153,166,155,156,
157,158,162,160,148,214,237,144,0,0,0,243,0,0,0,0,243,0,0,0,210,250,137,149,157,165,159,160,
153,154,162,156,248,0,0,190,0,0,0,0,0,0,0,0,0,0,0,0,193,0,0,138,153,161,155,156,
157,158,164,160,213,0,0,0,0,293,0,0,0,0,0,0,0,0,0,0,0,0,0,138,157,163,159,160,
153,154,161,156,235,0,0,0,0,0,0,0,0,0,0,0,0,293,0,0,0,0,0,138,153,164,155,156,
157,158,164,160,170,0,0,0,0,0,0,0,0,0,0,0,0,0,0,0,0,0,0,138,157,162,159,160,
153,154,165,156,215,0,0,0,0,0,0,0,0,0,0,0,0,0,0,230,0,0,0,138,153,164,155,156,
157,158,164,160,168,0,0,0,0,0,0,0,0,0,0,0,272,0,0,0,0,0,0,138,157,164,159,160,
153,154,162,156,238,0,0,0,0,0,0,231,268,0,0,0,0,0,0,0,0,0,0,138,153,166,155,156,
157,158,162,160,170,0,0,0,0,0,0,189,0,0,0,0,0,0,0,0,0,0,0,138,157,161,159,160,
153,154,161,156,199,0,0,0,0,0,0,0,0,0,0,0,0,0,0,0,0,0,0,138,153,166,155,156,
157,158,164,160,215,0,0,0,0,0,293,0,0,0,0,0,0,0,0,0,0,0,0,138,157,163,159,160,
153,154,163,156,170,0,0,0,0,0,0,0,0,0,0,0,0,0,0,295,0,0,0,138,153,164,155,156,
157,158,162,160,136,0,0,189,0,0,0,0,0,0,0,0,0,0,0,231,0,0,0,138,157,162,159,160,
153,154,166,156,151,139,139,212,0,0,0,241,0,0,0,0,241,0,0,0,0,0,0,138,153,166,155,156,
157,158,166,160,157,158,159,238,0,0,0,0,0,0,0,0,0,0,0,0,0,0,0,138,157,164,159,160,
153,154,166,156,153,154,155,136,0,0,0,0,0,0,0,0,0,0,0,0,0,0,0,138,153,164,155,156,
157,158,161,160,157,158,159,151,139,139,139,139,139,139,139,139,139,139,139,139,139,139,139,150,157,164,159,160,
153,154,162,156,153,154,155,156,153,154,155,156,153,154,155,156,153,154,155,156,153,154,155,156,153,164,155,156,
157,158,162,164,166,162,166,166,161,161,161,166,164,162,162,164,164,164,165,162,162,163,166,161,165,166,159,160,
153,154,155,156,153,154,155,156,153,154,155,156,153,154,155,156,153,154,155,156,153,154,155,156,153,154,155,156,
157,158,159,160,157,158,159,160,157,158,159,160,157,158,159,160,157,158,159,160,157,158,159,160,157,158,159,160

[layer]
type=collision
data=
3,3,3,3,3,3,3,3,3,3,3,3,3,3,3,3,3,3,3,3,3,3,3,3,3,3,3,3,
3,3,3,3,3,3,3,3,3,3,3,3,3,3,3,3,3,3,3,3,3,3,3,3,3,3,3,3,
3,3,3,3,3,3,3,3,3,3,3,3,3,3,3,3,3,3,3,3,3,3,3,3,3,3,3,3,
3,3,3,3,3,3,3,3,3,3,3,3,3,3,3,3,3,3,3,3,3,3,3,3,3,3,3,3,
3,3,3,3,3,3,3,1,1,1,1,1,1,1,1,1,1,1,1,1,1,3,3,3,3,3,3,3,
3,3,3,3,3,3,3,1,0,0,0,0,0,0,0,0,0,0,0,0,1,3,3,3,3,3,3,3,
3,3,3,3,3,3,3,1,0,0,0,0,0,0,0,0,0,0,0,0,1,3,3,3,3,3,3,3,
3,3,3,3,1,1,1,1,0,0,0,1,0,0,0,0,1,0,0,0,1,1,1,1,3,3,3,3,
3,3,3,3,1,0,0,2,2,2,2,2,2,0,0,2,2,2,2,2,2,0,0,1,3,3,3,3,
3,3,3,3,1,0,0,0,2,2,4,4,2,0,0,2,4,4,4,2,0,0,0,1,3,3,3,3,
3,3,3,3,1,0,0,0,2,4,4,4,2,0,0,2,4,2,4,2,0,0,0,1,3,3,3,3,
3,3,3,3,1,0,0,0,2,2,2,2,2,0,0,2,4,4,2,2,0,0,0,1,3,3,3,3,
3,3,3,3,1,0,0,0,0,0,0,0,0,0,0,2,2,2,2,1,0,0,0,1,3,3,3,3,
3,3,3,3,1,0,0,0,0,0,0,0,0,0,0,0,2,2,2,0,0,0,0,1,3,3,3,3,
3,3,3,3,1,0,0,0,2,2,0,1,2,0,0,2,2,2,2,0,0,0,0,1,3,3,3,3,
3,3,3,3,1,0,0,0,2,2,0,0,0,0,0,2,2,2,2,0,0,0,0,1,3,3,3,3,
3,3,3,3,1,0,0,0,2,2,2,2,2,0,0,0,0,0,0,0,0,0,0,1,3,3,3,3,
3,3,3,3,1,0,0,0,2,4,2,4,2,0,0,0,0,0,0,0,0,0,0,1,3,3,3,3,
3,3,3,3,1,0,0,0,2,4,4,4,2,2,2,2,2,0,0,2,0,0,0,1,3,3,3,3,
3,3,3,3,1,0,0,2,2,2,2,2,2,2,2,2,2,0,0,1,0,0,0,1,3,3,3,3,
3,3,3,3,1,1,1,1,0,0,0,1,0,0,0,0,1,0,0,0,0,0,0,1,3,3,3,3,
3,3,3,3,3,3,3,1,0,0,0,0,0,0,0,0,0,0,0,0,0,0,0,1,3,3,3,3,
3,3,3,3,3,3,3,1,0,0,0,0,0,0,0,0,0,0,0,0,0,0,0,1,3,3,3,3,
3,3,3,3,3,3,3,1,1,1,1,1,1,1,1,1,1,1,1,1,1,1,1,1,3,3,3,3,
3,3,3,3,3,3,3,3,3,3,3,3,3,3,3,3,3,3,3,3,3,3,3,3,3,3,3,3,
3,3,3,3,3,3,3,3,3,3,3,3,3,3,3,3,3,3,3,3,3,3,3,3,3,3,3,3,
3,3,3,3,3,3,3,3,3,3,3,3,3,3,3,3,3,3,3,3,3,3,3,3,3,3,3,3,
3,3,3,3,3,3,3,3,3,3,3,3,3,3,3,3,3,3,3,3,3,3,3,3,3,3,3,3

[event]
# Urn
type=event
location=12,14,1,1
activate=on_trigger
hotspot=location
loot=loot/il_chest_common.txt
loot_count=1
mapmod=object,12,14,269
repeat=false
soundfx=soundfx/inventory/inventory_object.ogg
tooltip=Urn

[event]
# Switch
type=event
location=16,13,1,1
activate=on_trigger
hotspot=location
mapmod=object,9,9,294;object,10,17,294;object,16,13,273;object,17,10,294
reachable_from=14,12,2,3
repeat=false
soundfx=soundfx/door_open.ogg
tooltip=Switch

[event]
# Turrent
type=event
location=5,5,9,9
cooldown=5s
power=174
power_level=hero_level,1
power_path=9,9,hero
power_stats=enemies/map_powers/il_shock_turrent.txt
repeat=true
requires_not_tile=object,16,13,273

[event]
# Turrent
type=event
location=13,6,9,9
cooldown=5s
power=174
power_level=hero_level,1
power_path=17,10,hero
power_stats=enemies/map_powers/il_shock_turrent.txt
repeat=true
requires_not_tile=object,16,13,273

[event]
# Turrent
type=event
location=6,13,9,9
cooldown=5s
power=174
power_level=hero_level,1
power_path=10,17,hero
power_stats=enemies/map_powers/il_shock_turrent.txt
repeat=true
requires_not_tile=object,16,13,273

[enemy]
type=enemy
location=7,7,14,14
category=il_common
number=3,5
spawn_level=hero_level,1

