[tileset]
img=images/tilesets/tileset_grassland.png
tile=16,1061,2698,192,96,96,48
tile=17,1798,2682,192,96,96,48
tile=18,662,2957,192,96,96,48
tile=19,639,3337,192,96,96,48
tile=20,800,3053,192,96,96,48
tile=21,1045,2941,192,96,96,48
tile=22,992,3037,192,96,96,48
tile=23,1221,2839,192,96,96,48
tile=24,1237,2935,192,96,96,48
tile=25,1413,2831,192,96,96,48
tile=26,1429,2927,192,96,96,48
tile=27,992,3133,192,96,96,48
tile=28,1429,3023,192,96,96,48
tile=29,1429,3119,192,96,96,48
tile=30,976,3229,192,96,96,48
tile=31,976,3325,192,96,96,48
tile=32,976,3421,192,96,96,48
tile=33,1425,3215,192,96,96,48
tile=34,1401,3311,192,96,96,48
tile=35,1401,3407,192,96,96,48
tile=36,1298,3503,192,96,96,48
tile=37,1490,3503,192,96,96,48
tile=38,1621,3161,192,96,96,48
tile=39,1617,3257,192,96,96,48
tile=40,1593,3353,192,96,96,48
tile=41,1733,2778,192,96,96,48
tile=42,1757,2874,192,96,96,48
tile=43,1757,2970,192,96,96,48
tile=44,1864,3066,192,96,96,48
tile=45,1813,3162,192,96,96,48
tile=46,1809,3258,192,96,96,48
tile=47,1785,3354,192,96,96,48
tile=48,1473,1674,170,283,96,244
tile=49,1086,2201,170,282,74,244
tile=50,1469,1960,170,255,74,207
tile=51,1735,1964,170,255,96,207
tile=52,1256,2215,170,282,96,244
tile=53,1426,2215,170,283,74,244
tile=54,1905,1964,170,255,74,207
tile=55,1758,2219,170,255,96,207
tile=56,1281,1674,192,286,96,244
tile=57,368,3188,177,292,81,244
tile=58,627,1937,192,255,96,207
tile=59,785,2199,177,292,96,244
tile=60,593,2192,192,289,96,244
tile=61,911,1907,183,292,87,244
tile=62,1277,1960,192,255,96,207
tile=63,1094,1909,183,292,96,244
tile=64,913,2491,148,248,74,244
tile=65,1643,1712,101,245,5,207
tile=66,673,2748,148,209,74,161
tile=67,1573,2498,101,245,96,207
tile=68,479,1919,148,259,74,244
tile=69,962,2199,124,245,28,207
tile=70,821,2744,148,213,74,165
tile=71,1674,2488,124,245,96,207
tile=72,1798,2474,192,208,96,160
tile=73,1168,3232,96,178,0,130
tile=74,2086,2482,89,182,89,134
tile=75,1061,2483,192,215,96,167
tile=76,497,2481,176,147,80,108
tile=77,1045,2794,176,147,80,108
tile=92,2083,1917,70,37,22,12
tile=93,962,2444,70,37,48,12
tile=94,358,1599,71,37,48,25
tile=95,969,2986,70,37,22,25
tile=96,2072,2806,103,91,45,62
tile=97,854,2957,115,96,45,67
tile=98,945,3517,102,95,44,65
tile=99,2005,3162,110,102,44,72
tile=100,2001,3264,131,97,64,65
tile=101,1605,2827,128,99,63,67
tile=102,831,3294,145,145,72,108
tile=103,368,3480,143,132,72,91
tile=104,1990,2669,127,137,31,125
tile=105,2105,405,73,106,0,101
tile=106,2137,3440,36,104,36,107
tile=107,639,3181,163,156,96,147
tile=108,545,3463,126,149,30,134
tile=109,2121,1099,53,106,0,97
tile=110,2117,2664,43,115,43,120
tile=111,1280,3031,149,139,96,121
tile=112,1170,3509,128,103,56,70
tile=113,1569,2743,130,84,55,55
tile=114,1621,2926,136,120,71,93
tile=115,1264,3284,137,129,64,101
tile=116,1408,2738,161,93,89,63
tile=117,1253,2737,155,102,74,62
tile=118,1710,944,80,102,29,97
tile=119,1949,3003,71,60,33,55
tile=120,2016,3444,121,102,46,79
tile=121,515,2888,147,113,53,77
tile=122,1949,2806,123,98,54,63
tile=123,1047,3517,123,93,56,61
tile=124,1621,3046,129,115,58,88
tile=125,2045,2904,97,82,53,59
tile=126,1280,3170,145,114,60,79
tile=127,1977,3361,108,83,37,64
tile=128,1264,3413,130,90,85,63
tile=129,2045,2986,88,76,44,62
tile=130,1750,3066,114,94,41,59
tile=131,2085,3361,95,79,48,60
tile=132,1596,2222,162,266,66,229
tile=133,757,2491,156,253,60,223
tile=134,1928,2219,169,255,73,224
tile=135,515,2628,158,260,62,229
tile=136,1784,3450,131,104,59,62
tile=137,632,3053,168,128,84,92
tile=138,1253,2497,160,240,64,230
tile=139,1413,2498,160,240,64,230
tile=140,1915,3450,101,117,42,94
tile=141,1682,3449,102,117,43,95
tile=142,350,2038,129,171,51,144
tile=143,671,3433,126,172,51,145
tile=208,819,1894,92,288,92,241
tile=209,1604,515,192,429,96,382
tile=210,1614,944,96,388,0,345
tile=211,2083,1291,96,335,0,290
tile=212,816,1563,95,331,95,292
tile=213,1649,1332,96,380,96,347
tile=214,305,2209,192,422,96,386
tile=215,545,3188,94,275,0,247
tile=216,2105,0,65,405,65,393
tile=217,815,1051,96,512,96,502
tile=218,719,1051,96,568,96,556
tile=219,1913,0,192,523,96,558
tile=220,350,1636,96,402,0,398
tile=221,1639,1957,96,265,0,236
tile=222,2094,1099,27,192,0,177
tile=224,631,1619,185,318,89,278
tile=225,969,2739,76,247,0,237
tile=226,2075,1964,76,251,76,237
tile=227,446,1599,185,320,96,280
tile=228,911,1589,185,318,89,278
tile=229,673,2481,84,267,0,237
tile=230,2097,2215,76,267,76,237
tile=231,1096,1589,185,320,96,280
tile=232,1168,3410,96,99,96,51
tile=233,1990,2474,96,195,96,147
tile=234,2083,1626,96,291,96,243
tile=235,323,2631,192,384,96,336
tile=236,497,2178,96,291,0,243
tile=237,1184,3037,96,195,0,147
tile=238,1949,2904,96,99,0,51
tile=240,1295,1338,354,336,162,322
tile=241,1745,1629,338,335,146,306
tile=242,1745,1291,338,338,146,312
tile=243,1268,980,346,358,154,320
tile=244,911,1006,357,391,165,352
tile=245,0,1636,350,573,158,582
tile=246,0,2209,305,565,113,572
tile=247,1582,0,331,515,139,484
tile=248,358,1051,361,548,182,501
tile=249,0,1051,358,585,185,543
tile=250,888,0,352,574,172,546
tile=251,1240,0,342,551,165,503
tile=252,1241,551,363,429,181,384
tile=253,888,574,353,432,177,396
tile=254,0,3205,368,406,180,388
tile=255,0,2774,323,431,147,385
tile=264,1796,523,384,192,96,96
tile=265,1796,715,384,192,96,96
animation=265;1796,715,66ms;1796,907,66ms;911,1397,66ms;1710,1099,66ms;
tile=296,0,0,888,1051,-35,895
tile=297,797,3439,148,145,64,107
tile=298,478,3015,154,173,58,135
tile=299,802,3149,150,145,63,107
tile=300,323,3015,155,173,86,135

[tileset]
img=images/tilesets/tileset_grassland_water.png
tile=144,0,0,192,192,96,48
animation=144;0,0,250ms;1152,384,250ms;
tile=145,192,0,192,192,96,48
animation=145;192,0,250ms;1344,384,250ms;
tile=146,384,0,192,192,96,48
animation=146;384,0,250ms;1536,384,250ms;
tile=147,576,0,192,192,96,48
animation=147;576,0,250ms;1728,384,250ms;
tile=148,768,0,192,192,96,48
animation=148;768,0,250ms;384,576,250ms;
tile=149,960,0,192,192,96,48
animation=149;960,0,250ms;384,768,250ms;
tile=150,1152,0,192,192,96,48
animation=150;1152,0,250ms;384,960,250ms;
tile=151,1344,0,192,192,96,48
animation=151;1344,0,250ms;384,1152,250ms;
tile=152,1536,0,192,192,96,48
animation=152;1536,0,250ms;384,1344,250ms;
tile=153,1728,0,192,192,96,48
animation=153;1728,0,250ms;384,1536,250ms;
tile=154,0,192,192,192,96,48
animation=154;0,192,250ms;0,192,250ms;
tile=155,0,384,192,192,96,48
animation=155;0,384,250ms;384,1728,250ms;
tile=156,0,576,192,192,96,48
animation=156;0,576,250ms;576,576,250ms;
tile=157,0,768,192,192,96,48
animation=157;0,768,250ms;768,576,250ms;
tile=158,0,960,192,192,96,48
animation=158;0,960,250ms;0,960,250ms;
tile=159,0,1152,192,192,96,48
animation=159;0,1152,250ms;960,576,250ms;
tile=160,0,1344,192,192,96,48
animation=160;0,1344,250ms;1152,576,250ms;
tile=161,0,1536,192,192,96,48
animation=161;0,1536,250ms;1344,576,250ms;
tile=162,0,1728,192,192,96,48
animation=162;0,1728,250ms;1536,576,250ms;
tile=163,192,192,192,192,96,48
animation=163;192,192,250ms;1728,576,250ms;
tile=164,384,192,192,192,96,48
animation=164;384,192,250ms;576,768,250ms;
tile=165,576,192,192,192,96,48
animation=165;576,192,250ms;576,960,250ms;
tile=166,768,192,192,192,96,48
animation=166;768,192,250ms;576,1152,250ms;
tile=167,960,192,192,192,96,48
animation=167;960,192,250ms;576,1344,250ms;
tile=168,1632,1134,90,116,90,-10
tile=169,1536,1134,96,161,96,18
tile=170,1725,960,187,173,96,34
tile=171,1536,960,189,174,93,53
tile=172,1536,1295,96,161,0,37
tile=173,1632,1250,88,114,0,8
tile=176,1725,1133,192,96,96,-48
animation=176;1725,1133,250ms;1536,1517,250ms;
tile=177,1722,1229,192,96,96,-48
animation=177;1722,1229,250ms;1728,1517,250ms;
tile=178,1720,1325,192,96,96,-48
animation=178;1720,1325,250ms;1152,1536,250ms;
tile=179,960,1295,192,96,96,-48
animation=179;960,1295,250ms;960,1583,250ms;
tile=180,960,1152,192,96,96,-48
animation=180;960,1152,250ms;1344,1536,250ms;
tile=181,1152,1152,192,96,96,-48
animation=181;1152,1152,250ms;1536,1613,250ms;
tile=182,1344,1152,192,96,96,-48
animation=182;1344,1152,250ms;1728,1613,250ms;
tile=183,1152,1248,192,96,96,-48
animation=183;1152,1248,250ms;1152,1632,250ms;
tile=184,1344,1248,192,96,96,-48
animation=184;1344,1248,250ms;960,1679,250ms;
tile=185,1632,1421,192,96,96,-48
animation=185;1632,1421,250ms;1344,1632,250ms;
tile=186,1152,1344,192,96,96,-48
animation=186;1152,1344,250ms;1536,1709,250ms;
tile=187,960,1391,192,96,96,-48
animation=187;960,1391,250ms;1728,1709,250ms;
tile=188,1344,1344,192,96,96,-48
animation=188;1344,1344,250ms;1152,1728,250ms;
tile=189,1152,1440,192,96,96,-48
animation=189;1152,1440,250ms;960,1775,250ms;
tile=190,960,1487,192,96,96,-48
animation=190;960,1487,250ms;1344,1728,250ms;
tile=191,1344,1440,192,96,96,-48
animation=191;1344,1440,250ms;1536,1805,250ms;
tile=192,1152,192,192,192,96,48
animation=192;1152,192,250ms;576,1536,250ms;
tile=193,1344,192,192,192,96,48
animation=193;1344,192,250ms;576,1728,250ms;
tile=194,1536,192,192,192,96,48
animation=194;1536,192,250ms;768,768,250ms;
tile=195,1728,192,192,192,96,48
animation=195;1728,192,250ms;960,768,250ms;
tile=196,192,384,192,192,96,48
animation=196;192,384,250ms;1152,768,250ms;
tile=197,192,576,192,192,96,48
animation=197;192,576,250ms;1344,768,250ms;
tile=198,192,768,192,192,96,48
animation=198;192,768,250ms;1536,768,250ms;
tile=199,192,960,192,192,96,48
animation=199;192,960,250ms;1728,768,250ms;
tile=200,192,1152,192,192,96,48
animation=200;192,1152,250ms;768,960,250ms;
tile=201,192,1344,192,192,96,48
animation=201;192,1344,250ms;768,1152,250ms;
tile=202,192,1536,192,192,96,48
animation=202;192,1536,250ms;768,1344,250ms;
tile=203,192,1728,192,192,96,48
animation=203;192,1728,250ms;768,1536,250ms;
tile=204,384,384,192,192,96,48
animation=204;384,384,250ms;768,1728,250ms;
tile=205,576,384,192,192,96,48
animation=205;576,384,250ms;960,960,250ms;
tile=206,768,384,192,192,96,48
animation=206;768,384,250ms;1152,960,250ms;
tile=207,960,384,192,192,96,48
animation=207;960,384,250ms;1344,960,250ms;

